 -2.8704333057670817e-001  2.2186852755214320e-001  1.8653184089195277e-001  2.3523327470665298e-001  8.7478518155364907e-002  2.2129358864544740e-001  3.6530006417866329e-001  4.1641842407223247e-002  3.1457585242259342e-003  1.3500134099056615e-001  2.2983523334726833e-001 -2.0624855352769889e-001  3.4957592779304991e-002  3.4204256717298437e-001 -4.9254671589041274e-002 -3.5302235106832343e-002 -1.2526139416874194e-001  1.0860744349250502e-002  1.9731986485737443e-001 -2.8675124877079395e-002  2.8477505516921497e-001 -2.4877606663530050e-001  1.4812138432047481e-001  1.7593311242766385e-001  1.4562317405652545e-001 -8.6613325323575199e-002 -6.0375635593838906e-002 -1.7692426186838042e-001 -9.6645066245700989e-002  1.6286365004193398e-001
 -9.8577861080703474e-002 -9.2922672312019283e-002 -1.3782529549171138e-001 -1.1211955397495930e-001  3.0076998927893284e-002 -3.0131062545681869e-001  2.4493899177080247e-001  2.8496104226597652e-001 -2.5332717005263870e-002  1.9898723345715566e-001  1.4456569136256470e-001 -2.9295038372802301e-001  1.8438581277163099e-001  4.5278671004854200e-003 -1.1303463086528522e-001  2.7747151241016688e-001  1.2196243504030421e-001  9.8662713480821104e-002 -2.9430944681492122e-001 -1.7952177219604476e-001 -5.9120070273808487e-002 -3.0333592166397033e-001  2.4309574705074055e-002  5.4476452454724669e-002 -2.0001869959786844e-001  1.4599798456900165e-001 -4.3012753851031843e-002  1.6644705440078791e-001 -1.6048026674769372e-002 -3.3584354266817773e-001
 -1.3018173459009447e-001 -1.6826949810672079e-001 -4.0636514508680062e-002  2.3166384726082462e-001  2.8576198471137143e-001  3.5783886468876785e-001 -1.7991419510509865e-001  1.8923479304498805e-001  9.7303380312761492e-002  1.0626880175463314e-001 -1.4317545643026744e-003 -3.2927652739143254e-001 -2.8738264483993279e-002 -2.9398003373409795e-002  1.4272401329656062e-001 -2.4003724992119022e-001  1.8323757950594693e-001  5.3529270150378783e-002  1.4720810224225900e-001  2.2667707615026675e-001 -2.1100457619698160e-001  1.8283925909559806e-001  1.3519322618795343e-001  1.4505379250877565e-001 -5.5542182258789569e-002  1.0704300377917786e-001  1.6857387597979206e-002  5.9652957627233869e-002  2.4283483004843648e-001 -3.2946517587469709e-001
 -2.8103723687633225e-001  1.1162810178533128e-001 -1.0935815687554425e-002 -1.3773133990090097e-001  3.7202956829343936e-002  5.5842480795585694e-002 -3.5346596475378134e-002 -1.3858880881463809e-001 -6.7664094120756663e-003  5.9154018044194998e-002 -1.3249385323396176e-001 -3.2926889978074725e-001 -3.7032769346745353e-001 -3.9176722388569662e-001  1.6643065590360251e-001  8.0775095220865067e-002  1.3351999098571606e-002  5.3065918998963589e-002  1.3887645397285117e-001 -3.5181842703052485e-001  1.8052601950442132e-001  4.5141639304099680e-002  6.7970545169678459e-002 -2.9555170792964414e-001 -1.2979286677700444e-001  1.4785526392133008e-001  1.4829888049425016e-001 -2.1694547568078024e-001 -1.7046651638828939e-001 -2.5768851273797362e-002
 -5.7996346485100596e-002 -3.7151316631425596e-001  3.7318392408305853e-002 -6.0109033028915342e-002 -1.0307633420519152e-001  1.3017014561160586e-001 -7.8309044817099702e-003 -3.0078126386713011e-001 -6.5982406953281267e-002  1.6651001640564989e-001 -1.9821575287594623e-001 -5.5326224848045266e-002 -7.7052212015260843e-002  4.8785538757494647e-002  4.2924767925391676e-002 -1.5836198527834608e-001  3.1185630143526855e-001  1.0954607845921395e-001 -3.2874022170479766e-001 -8.9744393763855866e-003 -3.8904734275643938e-003 -2.4310457925566764e-001  6.8818821736750413e-002  1.8870271198004021e-001  3.9942624185323422e-001  2.2341634495297813e-001  1.5737711184020617e-001  8.6093762121380674e-002 -1.6410123407929350e-001  2.0102462486260819e-001
 -2.4467574328724995e-001  6.5734351690505316e-002  1.9058659134253541e-002 -1.8995330640221952e-001  2.5764511064665313e-001 -4.3127593977216806e-002  3.1408839898869140e-001 -3.3863825064542186e-001  1.2539321764757663e-002 -1.2874161263458178e-001  1.6833642768691759e-001 -2.4740759106630039e-002 -4.8465519152618930e-002  1.5671039019229054e-002  1.5805927843151507e-001  1.4324081458610799e-001  1.1878413943025537e-001  2.3584588121841793e-001 -2.6931067427314648e-001  2.8645002658516333e-001 -6.8104096394536698e-002  3.3669863895829022e-001  3.1327049501154620e-002  2.6130635154399916e-003 -6.4925222794907603e-002 -3.7867782396156602e-001  1.1297567050054398e-001  1.3596916873243500e-001 -4.2920718879097888e-002  3.1951546380564293e-003
 -2.4609835926991232e-003 -3.8589520646329578e-001 -2.3058289243301505e-001  1.5058975376516728e-001 -1.9178509538322799e-001 -2.4982001276846402e-001 -2.7169268442478044e-002 -6.3388941825990031e-002  9.1399537423993024e-002  3.0349626686731873e-001  1.2221505327319669e-001 -1.0649079445272781e-001 -1.1351899298923714e-001  8.5895601422517287e-002  3.1779851834281736e-001 -5.3952083632961924e-002 -2.7926986866930537e-001 -2.8904305807074249e-001 -5.7892492983215249e-002  2.4688728576873653e-001  1.6492056438563962e-001 -5.1136108446733844e-002  1.7145410396294125e-001 -1.3581487922003885e-001 -2.0419143916964363e-001 -1.7842088954712154e-001  1.3522453755670047e-001 -4.4085570466163820e-002  7.5136951087891479e-002  1.3218150974662257e-001
 -6.4191707422043734e-002 -7.8135191262806034e-002  3.1825539187773066e-001 -4.7769037578148162e-002  2.7619049075373003e-001  1.1652503875400473e-001  6.0899250731309792e-002  1.7385765659420344e-001 -2.0376524065781745e-001  1.3699322018395813e-001  2.0047720654267664e-001  5.9553337425734619e-002  2.5028160342079813e-002 -2.2103791791269992e-002  1.0281334161128002e-001 -2.8941611092140131e-002 -2.6309465153371553e-001 -1.0143677692540876e-001 -3.4652502457703277e-001  3.7368587184827885e-003 -3.1250731769353585e-001  1.4527135153565440e-002 -1.7600235655748864e-001 -3.7655363412051168e-001  9.8218838361830485e-002  2.3459408848741611e-001 -2.6065518797069059e-002 -2.1770252896643871e-001  1.5143078292469597e-001  1.9983403129558058e-001
 -1.9287960169459079e-001  8.9906806931803140e-002 -4.0296596083825534e-002  1.5480572677207316e-001  2.7242311446983442e-001 -2.1393671986099830e-001 -1.0731464017784809e-001 -8.0382502686736926e-002 -2.4236777423317157e-001  1.5570926247298564e-001 -2.2403111049875321e-001  7.0462740462315654e-003 -1.0587568339387697e-001  2.3368827018082017e-001 -1.2348421964210214e-001 -2.6152111520650884e-001  2.0736575044401323e-001 -2.5299849094177279e-001  9.1695044488935368e-002 -3.3131507348961017e-002 -1.8572837560382821e-001 -1.3841593558435622e-001 -1.5143226420888431e-001 -2.9546517291191537e-001 -5.7772993258718472e-002 -2.5565808964339232e-001 -1.7243869413520721e-001  2.1182930110901907e-001 -2.8612193567188760e-001 -5.3895873615943557e-002
 -6.5721045629043878e-002 -2.8865854728632206e-001  3.3096039794751932e-002  1.1695888064235624e-001  3.8988575921433855e-001 -8.8901587236885987e-002 -1.9240061672287856e-001 -8.0176959819541996e-002  6.1443929976839250e-002 -1.4371872508210959e-001  2.3330218172210770e-001  1.1116094603442847e-001 -7.6015514863310985e-002 -2.6499892736438452e-001  9.7696189833107266e-002  3.7182071026367186e-001 -8.1287516683044500e-003 -1.6221318673663848e-001  2.0208972530465913e-001 -2.0309581499117432e-002 -1.3440843269303504e-001 -2.2088803005986840e-001 -1.0964484322532909e-001  3.6970042895171107e-001 -8.0878245444482022e-003 -2.2781562537246808e-002 -1.3354034034272902e-001 -5.7035905301964687e-002 -2.2863832114308186e-001  1.4856298988349143e-001
 -8.4549445487314190e-002 -2.5887473946280648e-001  1.0225179117414961e-001 -2.9904030691925459e-001  6.0310343017911709e-002  1.9425089533392276e-001 -2.4540798773481465e-001 -9.6865749473455692e-002  1.8771124253433324e-001 -2.1205666609907367e-001  2.4459308636252126e-002 -7.3487396940679045e-002  2.2109259681315643e-001  2.0692686906125907e-001 -1.2442192144914956e-001  2.0468240718974753e-001  7.6079226430230851e-002  6.2412690775441516e-002  1.3170711448089334e-001  1.3679590089789312e-001  1.6785582064308621e-001 -1.9106241490132436e-001  2.6431893957278474e-001 -4.6310999812537151e-001 -4.6123355894184731e-002  2.0216397492995274e-002 -2.5782280081871661e-001  1.0188928261222832e-001  4.8949718615582269e-002  5.6143807379168804e-002
 -1.5669662680013374e-001  4.6326256546292272e-002  3.1810192197854315e-001  2.3827707184480151e-001 -2.1102868815521933e-001  7.7480071483211010e-002 -2.4082948161386719e-001  1.5639240615073069e-001  1.8656025902776988e-001 -7.6803796761818907e-002 -3.4055710326979495e-002 -5.1502317074432646e-002 -7.3709931229849188e-002  1.5453518029434204e-001  3.3617203564338283e-001  1.1885240569912138e-001 -1.0885698448275123e-001  1.7395143271818994e-001 -1.4424210799833714e-001 -2.7320290921431062e-001  5.1567302645625507e-003  1.4715707527920410e-002 -2.1051901157842884e-001  1.8915143772257829e-002 -1.1224084629468158e-001 -9.2122954794075423e-002  1.5097872617611528e-002  5.0704322032859184e-001 -4.3842107322487759e-003  1.4309274812201350e-001
 -1.9551029719671098e-001 -1.0057055541973497e-001 -9.8018850918944522e-002  2.3087449836101961e-001  2.6774557088067280e-001 -1.1187868416020560e-001  3.9281742572562298e-002  2.6019355441470309e-003  5.4606477437492112e-002 -3.8337536286961693e-001 -3.9426563800504008e-002  3.3608896143238870e-001  1.2239179978837848e-001  3.7913991867404573e-002  6.4951137082891866e-002 -2.5300236353619299e-001  5.3611562476292729e-002  1.4004948929772235e-001 -8.5954898304008986e-002 -1.1123284956549501e-001  2.6452627538682638e-001 -2.7268777195451305e-001 -7.2889080662489503e-002 -1.0410963510513684e-001 -1.5960574224376300e-001  8.7375560724440013e-002  3.9263234898468985e-001 -1.1595891804433371e-001  1.9461024693706497e-001 -1.1206977380014789e-001
 -6.6762980307633240e-003 -2.1122928691320447e-001  1.3218348719868844e-001  1.0231742931066799e-001  5.6995965264705888e-003 -1.3538734099157940e-001  3.0792183315968796e-001  5.4611424761647570e-002  1.5271725074450018e-001  1.6865713417910233e-001 -3.1637834939817144e-001  2.8512613666949127e-001 -1.5558787436940444e-001  1.7694009775780953e-001  2.0606776299800980e-001  3.2146012196869872e-001 -4.0131184033000880e-002  1.7083710737968477e-001  2.9065860795719434e-001  7.2074627362591653e-002 -4.4094840778619623e-002  7.8545141279021499e-002 -7.8086041542423795e-002 -1.6522290470691425e-001  2.9555382390088797e-001  9.4609803810693296e-002 -4.2261947643094412e-002 -6.8390308253560933e-002 -1.1954320774870278e-002 -3.3446658303975513e-001
 -2.3694035307581363e-001  2.6162761529219897e-001 -2.7187233706316795e-002  4.1527343871682006e-002 -7.4580654859051201e-002 -4.2595379702475372e-001 -1.7067416553768575e-001  7.4424660442927093e-003  2.8068108915800039e-001 -2.8297605119658614e-001  9.6235203765041716e-003 -7.9227099827463315e-002 -1.3113225160690231e-001  8.3968200893048711e-002  3.6254478461724339e-002 -1.4181284090011426e-001 -1.8923841355831469e-001  6.0404473150881946e-002 -1.2308659790322379e-001  1.4423512272044953e-001 -3.0794049114096489e-001 -4.6197377558397222e-002  3.5279829790758366e-001  3.7082545805833228e-002  2.3333806554572051e-001  2.3858197597402112e-001 -1.2344344079366265e-001 -1.0283134852111139e-001 -9.9820328842920844e-002 -2.2410385959681915e-002
 -2.7317993866243468e-002 -4.1409720070451392e-002  2.1830006232755939e-001 -4.6237133642144024e-001  1.9685661907042734e-001 -2.5565851775146758e-001 -1.5882348974160580e-002 -6.4176322771427541e-002  8.5328209829268850e-002  2.5343592048095800e-002 -1.2436289800148667e-001 -2.4409670401110883e-001  2.4371866601332723e-001  1.5933065732708498e-001  4.9492629605218975e-002 -1.8319157909909614e-001 -2.3476881043338846e-001 -1.6559397213266494e-001  2.8206849474485313e-001  1.4642038559442166e-002  7.6365135203940504e-002  1.0376794351623073e-001 -2.4963695339233527e-001  2.0436631873656586e-001  3.2359887565209453e-002  1.7179104836039186e-001  2.9559207909316326e-001  1.5083489681097548e-001  3.4433678357516924e-003  1.2265904777621735e-002
 -2.5239240808469132e-001 -1.6119695439186885e-002 -2.7926383950929334e-001 -2.4833626391494906e-001 -1.6872805606301941e-001  3.0814772665358647e-001  2.5624840133480326e-001 -3.1072923111955288e-002  3.5448663566914046e-001 -1.1632802290714317e-001 -9.1413885063577935e-002  3.1152093704171345e-002 -2.1259160540131330e-001 -4.6060521027769114e-002 -4.8476259066200802e-002 -1.2023469142347377e-001 -1.3795754994763657e-001 -1.9950892010823179e-001 -3.4464487661113111e-002  5.9179709605791171e-002 -1.9245932706644300e-001 -2.7349592501954251e-001 -3.9509941789144742e-001  4.7630210665226727e-002 -4.5320888113779614e-002 -6.2776651476428691e-002 -1.7596201526215927e-001  2.3324198847878168e-002  1.4416097397788807e-001 -4.0745562856835976e-002
 -2.4253748662689914e-001  1.1418493180181469e-001 -1.4076483393615918e-001  5.2582183214189060e-002  2.1064690210178177e-001  1.6992361386171179e-001 -2.0851322013053658e-001 -1.6023109629637611e-001  7.7138397154870864e-002  2.9609088529981425e-001 -1.5525595476455767e-001  2.4168190950362561e-001  9.2972329483011332e-002 -9.0299901634944793e-002 -2.8940950319127251e-001  1.9222854355993563e-001 -4.0476227341434606e-001 -1.5943037958435999e-001 -2.2470971514868954e-001 -1.0319787620606270e-001  1.5583489844304513e-001  1.1076952762240189e-001  1.9524028575916164e-001  8.3564617779370146e-002  1.5808727576100101e-001 -3.4010143463962875e-004  8.3161780828431328e-002  2.1579523756524607e-001  6.5073013314966732e-002 -1.8643185940831758e-001
 -5.8161002655742845e-002 -1.7945782946335476e-001  1.9300897860765881e-001 -1.1091411322417556e-001 -4.3079996251910654e-002 -9.5554767876947347e-002 -2.1242256502759582e-001  3.8369675542506776e-001  1.2174916984027653e-001 -3.7443974303028670e-002  1.8004874413450103e-001 -7.9460228302795130e-002 -2.6173873409456039e-001 -1.0275590525878955e-001 -3.1504599734494515e-001 -8.3640038117517579e-002  3.8558652679678868e-002  2.6676108267598468e-002 -1.1505639538007244e-001  8.4546911588386758e-002  2.2407290661158261e-001  2.2242625495184146e-002 -1.6144524831622459e-001 -4.6323084427171562e-002  3.5036706273438950e-001 -4.0380557313609516e-001  1.7119503591411861e-001 -1.2459869308137106e-001 -7.9662032275023734e-002 -1.8099639537575005e-001
 -8.3023003739084195e-002 -3.8140468156492224e-001  5.6119457503660305e-002  1.7378815541499931e-001 -1.0980275732585160e-001 -9.4545010526511014e-002  7.5580897602479657e-002 -3.2277329175718533e-001 -2.3917272861313454e-002 -9.2697319354324445e-002  2.7286171646571378e-001 -4.4545662888351732e-002 -1.5232763080027947e-001  1.5931932748347885e-001 -3.6591026398980597e-001 -1.7341127394158631e-001 -1.4007746446678249e-001  1.0614865643248583e-001  2.1920811596327749e-002 -2.6374808327245675e-001  3.2010591027282487e-002  3.5722219020946366e-001 -1.3182967889133076e-001  2.9592102673238512e-002 -1.3723687557636657e-001  2.0947262435090577e-001 -2.4482688212292131e-001 -1.9981747205929223e-003  5.9842396739598000e-003 -1.2137532680417698e-001
 -2.5532554934414237e-001 -6.8044237507117189e-002 -2.2508503326328455e-001 -3.1413066784258292e-001  5.2364027113356013e-002 -1.0922769152679865e-001  3.8262348140604016e-002  3.1489583030002605e-001 -2.2097171270424437e-001  1.0759119579502564e-001  1.8128399283542387e-001  3.1641264853903855e-001 -1.9843414820067964e-001 -3.7558573641687742e-002  1.1429842576816496e-001 -1.7084548536507349e-001  7.8425917095757955e-002  1.3156219248938922e-001  2.1977104733576966e-001 -1.4065694740045084e-001  1.0099494017701341e-001  1.0375214926361412e-001  1.9785128114216005e-001  7.6891012076261547e-002  1.1698530396756825e-001  5.6921904354559898e-002 -1.7872985511694220e-001  2.7123009803612663e-001  2.1680065129511439e-001  2.4922692849149647e-001
 -2.6282274702666292e-001  5.5098856629210047e-002 -1.4575776261284926e-001 -1.9102020865652207e-002 -1.0112060381874784e-001 -5.8401898605184070e-002 -1.8051715828062315e-001 -2.0116326918188147e-002  2.7907255446483276e-001  2.1506521952667196e-001  1.2752118603787027e-001  1.0269454940060396e-001  4.5395799532590397e-001  4.9655903407569882e-002  2.3559692087252382e-001 -3.3501668527650581e-002  3.1957320950726187e-001 -9.4209111839865953e-002 -7.5838508187694220e-002 -1.8669336574545420e-001  7.9708056400480398e-002  2.6091589508450275e-001 -2.1642681224438509e-001 -6.2151869987657413e-003  1.2310124923563698e-001 -3.3260050867523872e-002 -1.8594450097514870e-001 -3.3930244099719675e-001 -6.8164029770104745e-002 -3.2694342152804062e-003
 -3.1382547189230126e-001  1.0793256341423213e-001  7.2636497781364925e-002  2.0224832276065322e-001 -3.0442022053740442e-001 -1.2583261086851982e-001 -6.9940358626673915e-003 -1.6392876095510289e-001 -1.3306841461665775e-001  8.3285266475545752e-003  1.9534112867424569e-001 -4.9477103432678186e-002  8.0607164436928655e-002 -1.6983492824132940e-001 -2.0473954847832412e-001  2.3557406811695000e-001  2.2903772605024986e-001 -1.7548790116272830e-001  2.4799536159220498e-001  1.9020836833564431e-001 -1.3245495370629956e-001 -3.8796459242424843e-002 -1.2838870246510165e-001 -1.4129817669707878e-001  1.6450358746176108e-001  1.2470040603223659e-001  2.8459687283261120e-001  1.6346062348053086e-001  3.5279255818596789e-001  7.6789208602303233e-002
 -7.4608466963193010e-003 -1.4784331968858824e-001  4.0511910444458926e-001 -3.3365586951464618e-002 -7.5525420705830154e-002 -9.9189068349422923e-003  2.8131805856522168e-001  1.7793856350758905e-002  2.5200396963838617e-001 -1.6223394749166797e-002 -4.9848471106516808e-002  1.5243603461944702e-001  1.1215676682540419e-001 -2.0730247900342311e-001 -4.6101711176579616e-002 -1.7080731897721260e-001  1.4023362826553820e-001 -3.3716936121280755e-001  3.2512104983086744e-002 -3.2483199154415354e-001 -2.3722278225287960e-001  3.0697129671878605e-002  4.3035006309557317e-001  1.7415542325087675e-002 -9.1677858343263058e-002 -2.2416446630717854e-001  7.1236679762365113e-002  4.2595418270822132e-002  4.7953277441181198e-002 -2.7607515033416949e-002
 -1.5300187484568076e-001 -1.3465635221194094e-001  9.3675544351351919e-002  1.4922123646524235e-001 -3.3328319420278200e-003 -1.6973680021476217e-001  1.1979541438929446e-001  2.6817402398134370e-002 -2.4109033371155875e-001 -2.0778285705873492e-001 -4.1570604737414252e-001 -2.4550950131897956e-001  2.1812479744782662e-001 -3.2943719210744143e-001  6.3694792016873045e-002 -3.6971258058145787e-002 -1.2193880706692684e-001 -1.4530350384293598e-002 -1.0632396851077174e-001  7.3998616035306775e-002  2.3250303145856077e-001  3.7589137703509190e-002 -4.5930970730806861e-002  8.0386283276470433e-002  1.4607440497146182e-001 -1.5244099148600831e-001 -4.2273579933921368e-001 -2.4195471170616253e-002  2.5185605318613113e-001  6.6384356390511448e-002
 -9.1963970237820269e-002 -3.4297622156358343e-002  2.2052346770726816e-002  1.2443933940031877e-001  1.1562054580574484e-001 -1.0180967055929348e-001  8.4629743094767992e-002  2.2815440363501649e-001  3.4737065133208211e-001  2.0672021896777545e-001 -2.8624121371595845e-001  3.0635899071793735e-002 -2.1305040978143463e-002 -8.1541807501609415e-002 -3.8103865992473296e-001  4.0307072818397884e-002  1.1460041248571287e-001  1.8596836168813335e-001 -1.6296962200773785e-002  2.1678825724495346e-001  1.4727755846445104e-002  1.5991065197421381e-001 -5.4469045088130177e-002  6.2701867229348713e-003 -3.0371258329214623e-001  1.3724467666153042e-001  4.0628452306813521e-002 -5.0708486436649318e-002 -7.5305328912503772e-002  4.9649724125578465e-001
 -2.3269751821671239e-001 -2.5420821091878841e-002  1.1537161085386285e-001 -8.8096957780411544e-002 -1.3000322781708892e-001  1.0260742270944068e-001 -7.5084637567196522e-003  2.1746789213503484e-001 -2.3701346072446344e-001 -2.4669587564091786e-001 -1.4572421595540602e-001  1.0918771771866807e-001 -1.7539548532793447e-001  2.6450827956608125e-001  3.1947432371764679e-002  2.0859826172599127e-001  1.7362240163674789e-001 -4.6110360632028419e-001 -1.8468314482407650e-001  1.6207676938240764e-001  1.7898103330799064e-001  2.1368843305730806e-001  6.5903328952190005e-002  1.7926574917161892e-001 -2.1166719622469876e-001  2.3131510425842694e-001  2.3662652317604255e-002 -1.0339096547598453e-001 -1.3507545678542510e-001 -9.3719037378116640e-002
 -2.0246234846419528e-001 -2.4624081150228774e-001 -2.9813809345386938e-001 -3.4558924940889524e-003 -1.2916714492988723e-001  1.2335308547521337e-001 -2.7170792037553661e-002  1.7270870067779689e-001 -2.2975593776510964e-001 -1.8167625776675336e-001 -1.7750319260462610e-001 -1.1506681044955475e-001  2.1731719525893983e-001  1.8435218157561184e-001 -9.4577970234051539e-002  1.4686387161572717e-001 -2.0228440738189246e-001  1.4506820967163900e-001  1.2808123663793708e-001 -2.1467962690269538e-001 -3.8604015594034258e-001  1.1789898404834760e-001  7.6673796240223691e-002  7.4515985280102712e-003  5.3432340961266062e-002 -2.4476104559424122e-001  2.8006691873251582e-001 -1.7740514716198827e-001 -1.2952000546451162e-001  1.4824055143492304e-001
 -2.3183177231848084e-001 -6.4519696287976117e-002  1.3849975604501996e-001 -1.4479922624326284e-002 -2.5975863931076937e-001  1.1861760375704258e-001  3.0593204641377630e-002  6.0416105600694492e-002 -1.4872702154880113e-001  7.1226015916791063e-002  1.0426324749808685e-001  2.1416754612597433e-001  2.6676427367004879e-001 -3.2688589251278910e-001  4.6141234381691348e-002 -2.2964533048279698e-001 -1.9339092814451805e-001  1.8075706567365848e-001  1.0573067201050268e-001  3.1955341963139744e-001  1.6917130995417543e-003 -6.8072451009216481e-002 -1.3596999083602970e-002 -3.5429094492284249e-002 -1.5456911813536794e-001  9.4549236534968814e-002 -1.3462916596188795e-002  1.0810807858990376e-001 -5.0037702155234742e-001 -1.8770553787652264e-001
 -1.7280000574566426e-001  4.0470643208690218e-002  2.9705060249424914e-001 -1.9477563198557230e-001 -1.2395197564138186e-001 -8.4057987622821934e-002 -2.8429490084076958e-001 -1.7441121695746298e-001 -1.6037959061996196e-001  2.5709694228526797e-001 -1.2214494878450052e-001  1.3927744240940518e-001 -1.0325275630661927e-001  1.1635009462445703e-001 -3.7367470390428426e-002  1.8096282524922951e-002 -1.2182647908946877e-002  2.6394774092724210e-001  1.4272803786526563e-002  3.3167317773901590e-002 -1.3104491947131508e-001 -2.2269637722122304e-001  1.8142720785981819e-002  2.5161271370188310e-001 -3.1502092270659626e-001 -1.8556726915707930e-001 -6.0438846212165484e-002 -3.3348319031212448e-001  3.1010929135710968e-001 -1.0179597263386636e-001
