           -2.626404e-01            -2.802690e-01             2.016401e-01             3.042001e-01            -3.372167e-01             1.792083e-01             6.126788e-01             3.862161e-02            -3.530037e-01            -2.682604e-01 
           -2.599632e-01            -3.874618e-01             1.438522e-01            -1.565469e-01            -2.795325e-01            -1.662839e-02            -5.986292e-01            -4.446080e-01            -3.040935e-01            -1.008516e-01 
           -1.221979e-01            -4.572806e-01            -3.354729e-01             1.901797e-01             2.389767e-01             4.977698e-01            -1.699292e-01             3.410020e-01            -1.147606e-01             4.050171e-01 
           -2.245490e-01            -3.486396e-01             1.390457e-01            -1.333638e-01            -8.337029e-03            -6.922717e-01             1.788292e-01             1.907991e-01             2.173310e-02             4.926889e-01 
           -4.813422e-01             2.218787e-01             6.583303e-02             1.960217e-01            -5.086330e-01             1.478695e-01            -1.658148e-01             1.563562e-01             5.679192e-01             1.458564e-01 
           -1.038355e-01             6.961492e-02            -4.511463e-01             4.979530e-01             8.163171e-02            -1.691773e-01             1.492659e-01            -6.505045e-01             4.769085e-02             2.233522e-01 
           -5.769248e-01             4.890768e-01             2.339131e-01             6.221382e-02             4.419242e-01             5.245940e-03            -8.884361e-02             6.031011e-02            -3.960666e-01             7.518029e-02 
           -3.965080e-01            -1.894485e-01            -1.293867e-01            -5.746893e-01             2.852351e-01             2.225021e-01             3.237645e-01            -2.776093e-01             3.562847e-01            -1.420794e-01 
           -1.984467e-01             1.706446e-01            -7.255759e-01            -2.459484e-01            -2.821085e-01            -2.226101e-01            -2.088083e-02             2.802842e-01            -2.828159e-01            -2.375454e-01 
           -1.617734e-01            -2.870274e-01            -3.143929e-02             3.846953e-01             3.596589e-01            -3.016897e-01            -2.061176e-01             2.031712e-01             2.840321e-01            -5.980446e-01 
