           -2.870433e-01             2.218685e-01             1.865318e-01             2.352333e-01             8.747852e-02             2.212936e-01             3.653001e-01             4.164184e-02             3.145759e-03             1.350013e-01             2.298352e-01            -2.062486e-01             3.495759e-02             3.420426e-01            -4.925467e-02            -3.530224e-02            -1.252614e-01             1.086074e-02             1.973199e-01            -2.867512e-02             2.847751e-01            -2.487761e-01             1.481214e-01             1.759331e-01             1.456232e-01            -8.661333e-02            -6.037564e-02            -1.769243e-01            -9.664507e-02             1.628637e-01 
           -9.857786e-02            -9.292267e-02            -1.378253e-01            -1.121196e-01             3.007700e-02            -3.013106e-01             2.449390e-01             2.849610e-01            -2.533272e-02             1.989872e-01             1.445657e-01            -2.929504e-01             1.843858e-01             4.527867e-03            -1.130346e-01             2.774715e-01             1.219624e-01             9.866271e-02            -2.943094e-01            -1.795218e-01            -5.912007e-02            -3.033359e-01             2.430957e-02             5.447645e-02            -2.000187e-01             1.459980e-01            -4.301275e-02             1.664471e-01            -1.604803e-02            -3.358435e-01 
           -1.301817e-01            -1.682695e-01            -4.063651e-02             2.316638e-01             2.857620e-01             3.578389e-01            -1.799142e-01             1.892348e-01             9.730338e-02             1.062688e-01            -1.431755e-03            -3.292765e-01            -2.873826e-02            -2.939800e-02             1.427240e-01            -2.400372e-01             1.832376e-01             5.352927e-02             1.472081e-01             2.266771e-01            -2.110046e-01             1.828393e-01             1.351932e-01             1.450538e-01            -5.554218e-02             1.070430e-01             1.685739e-02             5.965296e-02             2.428348e-01            -3.294652e-01 
           -2.810372e-01             1.116281e-01            -1.093582e-02            -1.377313e-01             3.720296e-02             5.584248e-02            -3.534660e-02            -1.385888e-01            -6.766409e-03             5.915402e-02            -1.324939e-01            -3.292689e-01            -3.703277e-01            -3.917672e-01             1.664307e-01             8.077510e-02             1.335200e-02             5.306592e-02             1.388765e-01            -3.518184e-01             1.805260e-01             4.514164e-02             6.797055e-02            -2.955517e-01            -1.297929e-01             1.478553e-01             1.482989e-01            -2.169455e-01            -1.704665e-01            -2.576885e-02 
           -5.799635e-02            -3.715132e-01             3.731839e-02            -6.010903e-02            -1.030763e-01             1.301701e-01            -7.830904e-03            -3.007813e-01            -6.598241e-02             1.665100e-01            -1.982158e-01            -5.532622e-02            -7.705221e-02             4.878554e-02             4.292477e-02            -1.583620e-01             3.118563e-01             1.095461e-01            -3.287402e-01            -8.974439e-03            -3.890473e-03            -2.431046e-01             6.881882e-02             1.887027e-01             3.994262e-01             2.234163e-01             1.573771e-01             8.609376e-02            -1.641012e-01             2.010246e-01 
           -2.446757e-01             6.573435e-02             1.905866e-02            -1.899533e-01             2.576451e-01            -4.312759e-02             3.140884e-01            -3.386383e-01             1.253932e-02            -1.287416e-01             1.683364e-01            -2.474076e-02            -4.846552e-02             1.567104e-02             1.580593e-01             1.432408e-01             1.187841e-01             2.358459e-01            -2.693107e-01             2.864500e-01            -6.810410e-02             3.366986e-01             3.132705e-02             2.613064e-03            -6.492522e-02            -3.786778e-01             1.129757e-01             1.359692e-01            -4.292072e-02             3.195155e-03 
           -2.460984e-03            -3.858952e-01            -2.305829e-01             1.505898e-01            -1.917851e-01            -2.498200e-01            -2.716927e-02            -6.338894e-02             9.139954e-02             3.034963e-01             1.222151e-01            -1.064908e-01            -1.135190e-01             8.589560e-02             3.177985e-01            -5.395208e-02            -2.792699e-01            -2.890431e-01            -5.789249e-02             2.468873e-01             1.649206e-01            -5.113611e-02             1.714541e-01            -1.358149e-01            -2.041914e-01            -1.784209e-01             1.352245e-01            -4.408557e-02             7.513695e-02             1.321815e-01 
           -6.419171e-02            -7.813519e-02             3.182554e-01            -4.776904e-02             2.761905e-01             1.165250e-01             6.089925e-02             1.738577e-01            -2.037652e-01             1.369932e-01             2.004772e-01             5.955334e-02             2.502816e-02            -2.210379e-02             1.028133e-01            -2.894161e-02            -2.630947e-01            -1.014368e-01            -3.465250e-01             3.736859e-03            -3.125073e-01             1.452714e-02            -1.760024e-01            -3.765536e-01             9.821884e-02             2.345941e-01            -2.606552e-02            -2.177025e-01             1.514308e-01             1.998340e-01 
           -1.928796e-01             8.990681e-02            -4.029660e-02             1.548057e-01             2.724231e-01            -2.139367e-01            -1.073146e-01            -8.038250e-02            -2.423678e-01             1.557093e-01            -2.240311e-01             7.046274e-03            -1.058757e-01             2.336883e-01            -1.234842e-01            -2.615211e-01             2.073658e-01            -2.529985e-01             9.169504e-02            -3.313151e-02            -1.857284e-01            -1.384159e-01            -1.514323e-01            -2.954652e-01            -5.777299e-02            -2.556581e-01            -1.724387e-01             2.118293e-01            -2.861219e-01            -5.389587e-02 
           -6.572105e-02            -2.886585e-01             3.309604e-02             1.169589e-01             3.898858e-01            -8.890159e-02            -1.924006e-01            -8.017696e-02             6.144393e-02            -1.437187e-01             2.333022e-01             1.111609e-01            -7.601551e-02            -2.649989e-01             9.769619e-02             3.718207e-01            -8.128752e-03            -1.622132e-01             2.020897e-01            -2.030958e-02            -1.344084e-01            -2.208880e-01            -1.096448e-01             3.697004e-01            -8.087825e-03            -2.278156e-02            -1.335403e-01            -5.703591e-02            -2.286383e-01             1.485630e-01 
           -8.454945e-02            -2.588747e-01             1.022518e-01            -2.990403e-01             6.031034e-02             1.942509e-01            -2.454080e-01            -9.686575e-02             1.877112e-01            -2.120567e-01             2.445931e-02            -7.348740e-02             2.210926e-01             2.069269e-01            -1.244219e-01             2.046824e-01             7.607923e-02             6.241269e-02             1.317071e-01             1.367959e-01             1.678558e-01            -1.910624e-01             2.643189e-01            -4.631100e-01            -4.612336e-02             2.021640e-02            -2.578228e-01             1.018893e-01             4.894972e-02             5.614381e-02 
           -1.566966e-01             4.632626e-02             3.181019e-01             2.382771e-01            -2.110287e-01             7.748007e-02            -2.408295e-01             1.563924e-01             1.865603e-01            -7.680380e-02            -3.405571e-02            -5.150232e-02            -7.370993e-02             1.545352e-01             3.361720e-01             1.188524e-01            -1.088570e-01             1.739514e-01            -1.442421e-01            -2.732029e-01             5.156730e-03             1.471571e-02            -2.105190e-01             1.891514e-02            -1.122408e-01            -9.212295e-02             1.509787e-02             5.070432e-01            -4.384211e-03             1.430927e-01 
           -1.955103e-01            -1.005706e-01            -9.801885e-02             2.308745e-01             2.677456e-01            -1.118787e-01             3.928174e-02             2.601936e-03             5.460648e-02            -3.833754e-01            -3.942656e-02             3.360890e-01             1.223918e-01             3.791399e-02             6.495114e-02            -2.530024e-01             5.361156e-02             1.400495e-01            -8.595490e-02            -1.112328e-01             2.645263e-01            -2.726878e-01            -7.288908e-02            -1.041096e-01            -1.596057e-01             8.737556e-02             3.926323e-01            -1.159589e-01             1.946102e-01            -1.120698e-01 
           -6.676298e-03            -2.112293e-01             1.321835e-01             1.023174e-01             5.699597e-03            -1.353873e-01             3.079218e-01             5.461142e-02             1.527173e-01             1.686571e-01            -3.163783e-01             2.851261e-01            -1.555879e-01             1.769401e-01             2.060678e-01             3.214601e-01            -4.013118e-02             1.708371e-01             2.906586e-01             7.207463e-02            -4.409484e-02             7.854514e-02            -7.808604e-02            -1.652229e-01             2.955538e-01             9.460980e-02            -4.226195e-02            -6.839031e-02            -1.195432e-02            -3.344666e-01 
           -2.369404e-01             2.616276e-01            -2.718723e-02             4.152734e-02            -7.458065e-02            -4.259538e-01            -1.706742e-01             7.442466e-03             2.806811e-01            -2.829761e-01             9.623520e-03            -7.922710e-02            -1.311323e-01             8.396820e-02             3.625448e-02            -1.418128e-01            -1.892384e-01             6.040447e-02            -1.230866e-01             1.442351e-01            -3.079405e-01            -4.619738e-02             3.527983e-01             3.708255e-02             2.333381e-01             2.385820e-01            -1.234434e-01            -1.028313e-01            -9.982033e-02            -2.241039e-02 
           -2.731799e-02            -4.140972e-02             2.183001e-01            -4.623713e-01             1.968566e-01            -2.556585e-01            -1.588235e-02            -6.417632e-02             8.532821e-02             2.534359e-02            -1.243629e-01            -2.440967e-01             2.437187e-01             1.593307e-01             4.949263e-02            -1.831916e-01            -2.347688e-01            -1.655940e-01             2.820685e-01             1.464204e-02             7.636514e-02             1.037679e-01            -2.496370e-01             2.043663e-01             3.235989e-02             1.717910e-01             2.955921e-01             1.508349e-01             3.443368e-03             1.226590e-02 
           -2.523924e-01            -1.611970e-02            -2.792638e-01            -2.483363e-01            -1.687281e-01             3.081477e-01             2.562484e-01            -3.107292e-02             3.544866e-01            -1.163280e-01            -9.141389e-02             3.115209e-02            -2.125916e-01            -4.606052e-02            -4.847626e-02            -1.202347e-01            -1.379575e-01            -1.995089e-01            -3.446449e-02             5.917971e-02            -1.924593e-01            -2.734959e-01            -3.950994e-01             4.763021e-02            -4.532089e-02            -6.277665e-02            -1.759620e-01             2.332420e-02             1.441610e-01            -4.074556e-02 
           -2.425375e-01             1.141849e-01            -1.407648e-01             5.258218e-02             2.106469e-01             1.699236e-01            -2.085132e-01            -1.602311e-01             7.713840e-02             2.960909e-01            -1.552560e-01             2.416819e-01             9.297233e-02            -9.029990e-02            -2.894095e-01             1.922285e-01            -4.047623e-01            -1.594304e-01            -2.247097e-01            -1.031979e-01             1.558349e-01             1.107695e-01             1.952403e-01             8.356462e-02             1.580873e-01            -3.401014e-04             8.316178e-02             2.157952e-01             6.507301e-02            -1.864319e-01 
           -5.816100e-02            -1.794578e-01             1.930090e-01            -1.109141e-01            -4.308000e-02            -9.555477e-02            -2.124226e-01             3.836968e-01             1.217492e-01            -3.744397e-02             1.800487e-01            -7.946023e-02            -2.617387e-01            -1.027559e-01            -3.150460e-01            -8.364004e-02             3.855865e-02             2.667611e-02            -1.150564e-01             8.454691e-02             2.240729e-01             2.224263e-02            -1.614452e-01            -4.632308e-02             3.503671e-01            -4.038056e-01             1.711950e-01            -1.245987e-01            -7.966203e-02            -1.809964e-01 
           -8.302300e-02            -3.814047e-01             5.611946e-02             1.737882e-01            -1.098028e-01            -9.454501e-02             7.558090e-02            -3.227733e-01            -2.391727e-02            -9.269732e-02             2.728617e-01            -4.454566e-02            -1.523276e-01             1.593193e-01            -3.659103e-01            -1.734113e-01            -1.400775e-01             1.061487e-01             2.192081e-02            -2.637481e-01             3.201059e-02             3.572222e-01            -1.318297e-01             2.959210e-02            -1.372369e-01             2.094726e-01            -2.448269e-01            -1.998175e-03             5.984240e-03            -1.213753e-01 
           -2.553255e-01            -6.804424e-02            -2.250850e-01            -3.141307e-01             5.236403e-02            -1.092277e-01             3.826235e-02             3.148958e-01            -2.209717e-01             1.075912e-01             1.812840e-01             3.164126e-01            -1.984341e-01            -3.755857e-02             1.142984e-01            -1.708455e-01             7.842592e-02             1.315622e-01             2.197710e-01            -1.406569e-01             1.009949e-01             1.037521e-01             1.978513e-01             7.689101e-02             1.169853e-01             5.692190e-02            -1.787299e-01             2.712301e-01             2.168007e-01             2.492269e-01 
           -2.628227e-01             5.509886e-02            -1.457578e-01            -1.910202e-02            -1.011206e-01            -5.840190e-02            -1.805172e-01            -2.011633e-02             2.790726e-01             2.150652e-01             1.275212e-01             1.026945e-01             4.539580e-01             4.965590e-02             2.355969e-01            -3.350167e-02             3.195732e-01            -9.420911e-02            -7.583851e-02            -1.866934e-01             7.970806e-02             2.609159e-01            -2.164268e-01            -6.215187e-03             1.231012e-01            -3.326005e-02            -1.859445e-01            -3.393024e-01            -6.816403e-02            -3.269434e-03 
           -3.138255e-01             1.079326e-01             7.263650e-02             2.022483e-01            -3.044202e-01            -1.258326e-01            -6.994036e-03            -1.639288e-01            -1.330684e-01             8.328527e-03             1.953411e-01            -4.947710e-02             8.060716e-02            -1.698349e-01            -2.047395e-01             2.355741e-01             2.290377e-01            -1.754879e-01             2.479954e-01             1.902084e-01            -1.324550e-01            -3.879646e-02            -1.283887e-01            -1.412982e-01             1.645036e-01             1.247004e-01             2.845969e-01             1.634606e-01             3.527926e-01             7.678921e-02 
           -7.460847e-03            -1.478433e-01             4.051191e-01            -3.336559e-02            -7.552542e-02            -9.918907e-03             2.813181e-01             1.779386e-02             2.520040e-01            -1.622339e-02            -4.984847e-02             1.524360e-01             1.121568e-01            -2.073025e-01            -4.610171e-02            -1.708073e-01             1.402336e-01            -3.371694e-01             3.251210e-02            -3.248320e-01            -2.372228e-01             3.069713e-02             4.303501e-01             1.741554e-02            -9.167786e-02            -2.241645e-01             7.123668e-02             4.259542e-02             4.795328e-02            -2.760752e-02 
           -1.530019e-01            -1.346564e-01             9.367554e-02             1.492212e-01            -3.332832e-03            -1.697368e-01             1.197954e-01             2.681740e-02            -2.410903e-01            -2.077829e-01            -4.157060e-01            -2.455095e-01             2.181248e-01            -3.294372e-01             6.369479e-02            -3.697126e-02            -1.219388e-01            -1.453035e-02            -1.063240e-01             7.399862e-02             2.325030e-01             3.758914e-02            -4.593097e-02             8.038628e-02             1.460744e-01            -1.524410e-01            -4.227358e-01            -2.419547e-02             2.518561e-01             6.638436e-02 
           -9.196397e-02            -3.429762e-02             2.205235e-02             1.244393e-01             1.156205e-01            -1.018097e-01             8.462974e-02             2.281544e-01             3.473707e-01             2.067202e-01            -2.862412e-01             3.063590e-02            -2.130504e-02            -8.154181e-02            -3.810387e-01             4.030707e-02             1.146004e-01             1.859684e-01            -1.629696e-02             2.167883e-01             1.472776e-02             1.599107e-01            -5.446905e-02             6.270187e-03            -3.037126e-01             1.372447e-01             4.062845e-02            -5.070849e-02            -7.530533e-02             4.964972e-01 
           -2.326975e-01            -2.542082e-02             1.153716e-01            -8.809696e-02            -1.300032e-01             1.026074e-01            -7.508464e-03             2.174679e-01            -2.370135e-01            -2.466959e-01            -1.457242e-01             1.091877e-01            -1.753955e-01             2.645083e-01             3.194743e-02             2.085983e-01             1.736224e-01            -4.611036e-01            -1.846831e-01             1.620768e-01             1.789810e-01             2.136884e-01             6.590333e-02             1.792657e-01            -2.116672e-01             2.313151e-01             2.366265e-02            -1.033910e-01            -1.350755e-01            -9.371904e-02 
           -2.024623e-01            -2.462408e-01            -2.981381e-01            -3.455892e-03            -1.291671e-01             1.233531e-01            -2.717079e-02             1.727087e-01            -2.297559e-01            -1.816763e-01            -1.775032e-01            -1.150668e-01             2.173172e-01             1.843522e-01            -9.457797e-02             1.468639e-01            -2.022844e-01             1.450682e-01             1.280812e-01            -2.146796e-01            -3.860402e-01             1.178990e-01             7.667380e-02             7.451599e-03             5.343234e-02            -2.447610e-01             2.800669e-01            -1.774051e-01            -1.295200e-01             1.482406e-01 
           -2.318318e-01            -6.451970e-02             1.384998e-01            -1.447992e-02            -2.597586e-01             1.186176e-01             3.059320e-02             6.041611e-02            -1.487270e-01             7.122602e-02             1.042632e-01             2.141675e-01             2.667643e-01            -3.268859e-01             4.614123e-02            -2.296453e-01            -1.933909e-01             1.807571e-01             1.057307e-01             3.195534e-01             1.691713e-03            -6.807245e-02            -1.359700e-02            -3.542909e-02            -1.545691e-01             9.454924e-02            -1.346292e-02             1.081081e-01            -5.003770e-01            -1.877055e-01 
           -1.728000e-01             4.047064e-02             2.970506e-01            -1.947756e-01            -1.239520e-01            -8.405799e-02            -2.842949e-01            -1.744112e-01            -1.603796e-01             2.570969e-01            -1.221449e-01             1.392774e-01            -1.032528e-01             1.163501e-01            -3.736747e-02             1.809628e-02            -1.218265e-02             2.639477e-01             1.427280e-02             3.316732e-02            -1.310449e-01            -2.226964e-01             1.814272e-02             2.516127e-01            -3.150209e-01            -1.855673e-01            -6.043885e-02            -3.334832e-01             3.101093e-01            -1.017960e-01 
