               -0.262640                -0.280269                 0.201640                 0.304200                -0.337217                 0.179208                 0.612679                 0.038622                -0.353004                -0.268260 
               -0.259963                -0.387462                 0.143852                -0.156547                -0.279533                -0.016628                -0.598629                -0.444608                -0.304094                -0.100852 
               -0.122198                -0.457281                -0.335473                 0.190180                 0.238977                 0.497770                -0.169929                 0.341002                -0.114761                 0.405017 
               -0.224549                -0.348640                 0.139046                -0.133364                -0.008337                -0.692272                 0.178829                 0.190799                 0.021733                 0.492689 
               -0.481342                 0.221879                 0.065833                 0.196022                -0.508633                 0.147870                -0.165815                 0.156356                 0.567919                 0.145856 
               -0.103836                 0.069615                -0.451146                 0.497953                 0.081632                -0.169177                 0.149266                -0.650505                 0.047691                 0.223352 
               -0.576925                 0.489077                 0.233913                 0.062214                 0.441924                 0.005246                -0.088844                 0.060310                -0.396067                 0.075180 
               -0.396508                -0.189448                -0.129387                -0.574689                 0.285235                 0.222502                 0.323764                -0.277609                 0.356285                -0.142079 
               -0.198447                 0.170645                -0.725576                -0.245948                -0.282108                -0.222610                -0.020881                 0.280284                -0.282816                -0.237545 
               -0.161773                -0.287027                -0.031439                 0.384695                 0.359659                -0.301690                -0.206118                 0.203171                 0.284032                -0.598045 
