 -2.6264035483168091e-001 -2.8026903451766483e-001  2.0164007668983985e-001  3.0420006720584369e-001 -3.3721672917440626e-001  1.7920830090187004e-001  6.1267875240111025e-001  3.8621609586826235e-002 -3.5300374070508872e-001 -2.6826041455838534e-001
 -2.5996318634629251e-001 -3.8746180394683505e-001  1.4385223154732116e-001 -1.5654690648913056e-001 -2.7953252088500752e-001 -1.6628388752909673e-002 -5.9862923456815254e-001 -4.4460802836127283e-001 -3.0409351128315609e-001 -1.0085156053414172e-001
 -1.2219794901512401e-001 -4.5728056733824174e-001 -3.3547292494131298e-001  1.9017965112034760e-001  2.3897671409086829e-001  4.9776976520916971e-001 -1.6992921583071252e-001  3.4100201320223988e-001 -1.1476061221002842e-001  4.0501708898844407e-001
 -2.2454904651106919e-001 -3.4863956616181080e-001  1.3904570480642031e-001 -1.3336375724782668e-001 -8.3370292485564004e-003 -6.9227174737179764e-001  1.7882920362796018e-001  1.9079912293292597e-001  2.1733101609559116e-002  4.9268893177283107e-001
 -4.8134215565735078e-001  2.2187866079444574e-001  6.5833031872948408e-002  1.9602173061026065e-001 -5.0863304412308230e-001  1.4786951458342501e-001 -1.6581480355437189e-001  1.5635617822040973e-001  5.6791921518060928e-001  1.4585635632461613e-001
 -1.0383551461173327e-001  6.9614918731463735e-002 -4.5114630326381200e-001  4.9795300337840603e-001  8.1631706655246869e-002 -1.6917734488105662e-001  1.4926591204415038e-001 -6.5050450365233703e-001  4.7690854520722206e-002  2.2335223201355162e-001
 -5.7692476352492827e-001  4.8907679731111386e-001  2.3391308837110467e-001  6.2213818022106293e-002  4.4192418434170710e-001  5.2459398699783166e-003 -8.8843610076737467e-002  6.0310105031265854e-002 -3.9606657860526806e-001  7.5180292628971662e-002
 -3.9650795217944440e-001 -1.8944849532169822e-001 -1.2938665739373115e-001 -5.7468933867368066e-001  2.8523512547986030e-001  2.2250208242332653e-001  3.2376447959825072e-001 -2.7760934194588427e-001  3.5628466221058863e-001 -1.4207944742360856e-001
 -1.9844672430420615e-001  1.7064464780054966e-001 -7.2557589492828201e-001 -2.4594838576257244e-001 -2.8210848588198101e-001 -2.2261008514995256e-001 -2.0880830965681232e-002  2.8028422252164642e-001 -2.8281586344193532e-001 -2.3754536219821812e-001
 -1.6177344195383003e-001 -2.8702741248436492e-001 -3.1439293878540199e-002  3.8469530500230614e-001  3.5965887028217025e-001 -3.0168966881102460e-001 -2.0611760583355732e-001  2.0317118257993791e-001  2.8403205667322801e-001 -5.9804460180414443e-001
