               -0.067328                -0.008040                 0.232945                -0.313468                -0.141328                -0.336748                -0.021578                 0.591257                 0.344853                 0.490439 
               -0.454835                -0.073514                 0.002887                 0.131162                 0.334556                 0.342437                -0.496786                 0.256594                 0.399983                -0.262097 
               -0.355575                 0.066702                -0.154946                -0.629035                -0.230636                 0.511495                 0.315787                -0.155868                 0.092309                 0.045461 
               -0.152745                 0.291970                 0.867923                -0.055813                 0.176150                 0.092702                 0.134271                -0.030634                -0.239152                -0.138686 
               -0.309234                -0.068215                 0.081327                 0.316230                -0.791987                -0.051129                 0.018832                 0.210469                -0.091441                -0.332016 
               -0.082783                -0.600589                -0.001789                -0.385633                 0.122566                -0.089511                -0.196527                 0.221871                -0.590981                -0.153559 
               -0.591251                 0.211282                -0.147546                 0.192202                 0.038697                -0.143543                -0.211970                -0.213193                -0.377142                 0.540694 
               -0.094824                -0.694469                 0.276548                 0.314406                 0.012267                 0.185802                 0.275337                -0.249595                 0.214163                 0.338740 
               -0.420858                -0.047501                -0.151196                -0.017902                 0.305790                -0.544507                 0.513403                -0.035256                 0.169040                -0.337707 
               -0.025630                -0.101451                 0.201750                -0.317656                -0.215537                -0.369967                -0.460094                -0.597349                 0.284744                -0.120495 
