           -6.508797e-02            -2.915062e-01            -2.237521e-01            -1.673522e-01            -2.462871e-01             3.832881e-02            -2.782539e-03            -2.844243e-01            -1.605114e-01             3.560238e-01             3.556743e-01             5.417427e-02            -1.112051e-02            -1.549506e-01             2.075305e-02             2.455819e-01             4.098910e-02             8.390005e-02             7.589936e-02             1.729630e-01            -2.736788e-02            -2.774684e-01            -2.055434e-01             2.969208e-01            -1.816156e-01            -2.125086e-02            -1.144097e-01             6.859396e-02             1.082290e-02             1.377042e-01 
           -2.437962e-01            -1.216572e-01            -9.075243e-02            -3.037228e-01             8.748125e-02            -3.918338e-01            -9.534257e-02             1.115755e-01             1.734805e-01             3.005056e-02            -1.979751e-01            -2.663749e-03             1.916134e-02            -1.450670e-01            -1.436298e-01             2.897444e-02             4.716393e-02            -9.033493e-02             6.259194e-02             6.770073e-02            -3.755401e-01            -1.075466e-01             1.804990e-01             2.099838e-01             3.245963e-01            -2.835078e-01             2.688219e-02             1.444213e-01             2.000842e-01            -1.842933e-01 
           -4.881913e-02            -1.479366e-02            -1.131265e-01             2.917427e-01            -1.719284e-01             2.439569e-01             1.452583e-01             1.796735e-01            -2.028033e-01             1.875239e-01            -8.804288e-03            -7.324688e-02             5.933452e-02            -9.017113e-02            -7.616013e-02            -5.146415e-02             2.024150e-01             3.299313e-02             6.917458e-02             3.036531e-01            -7.116324e-02             1.267744e-01             1.943679e-01             4.065948e-02             3.733596e-01             3.827583e-01            -1.320930e-01             2.571042e-01            -6.967585e-02            -2.850724e-01 
           -1.799954e-01            -3.301972e-02            -1.916826e-01            -1.351303e-01             3.527435e-02             1.652555e-01            -4.149929e-02            -4.159281e-02            -2.673216e-01             6.733125e-02            -1.881118e-01            -2.671894e-01            -1.654895e-01             2.046618e-01            -6.621769e-02             2.762214e-01            -6.467200e-02            -2.731860e-01            -3.673525e-01            -8.519781e-02             1.901633e-02             1.489329e-01            -1.891346e-01            -8.093540e-02             4.628137e-02             6.972212e-02             3.895089e-01             2.789726e-01             1.360982e-01             7.630802e-02 
           -2.687393e-01             2.976475e-01             2.386329e-02            -5.637727e-03            -3.411829e-01            -3.043139e-02             1.742474e-01            -3.374362e-01             1.938735e-01            -9.690941e-02             2.058636e-02             1.856368e-01            -6.382621e-02            -3.099172e-02            -1.195278e-01            -2.447327e-02            -2.395572e-01             1.457353e-01            -9.306581e-02             1.290250e-01             1.787415e-01             3.661877e-02            -1.143322e-02            -1.131573e-02            -5.908331e-02            -1.734799e-01             2.297887e-01             2.057750e-01            -2.240906e-01            -3.985114e-01 
           -1.786734e-01            -1.531089e-01             8.544600e-02            -2.753386e-02            -1.532839e-01            -1.509151e-01            -2.437520e-01             5.463219e-02            -1.620421e-01            -3.312984e-01             3.098689e-01             1.063994e-01            -1.229790e-01             3.880048e-01            -1.036167e-01            -3.078663e-02             6.473616e-02             1.757328e-01            -1.683700e-01            -8.348100e-02             8.381353e-02             2.569549e-01            -1.002930e-01             3.222921e-01             3.183339e-01             3.057235e-02            -1.390226e-01            -1.265058e-01            -1.043039e-01             3.658474e-02 
           -2.294566e-01             1.187725e-01            -6.168556e-02             1.033516e-01             2.044464e-01             9.279567e-02            -1.123474e-01            -2.262913e-01            -2.579184e-01            -1.568856e-01            -2.761629e-01            -2.250930e-01            -1.691057e-01            -6.760830e-02            -1.377161e-01             5.269935e-02            -2.961287e-02             8.388145e-02            -5.841957e-02             4.139155e-01            -7.607952e-02            -2.194617e-02             2.609063e-01             1.775687e-01            -1.957100e-01            -6.117080e-02            -9.301253e-02            -4.133661e-01            -1.282217e-01             7.075574e-02 
           -4.044202e-02            -3.240849e-01            -1.105899e-01             1.693421e-01             1.613123e-01            -6.881802e-03             5.893208e-02             2.571652e-03            -1.359786e-01            -1.829949e-01            -2.605145e-01             5.951486e-03            -5.438118e-02             2.541601e-02             2.073567e-01            -8.255034e-02             2.141964e-02            -6.648387e-02            -1.533482e-01            -2.145955e-01             1.056029e-01            -4.016347e-01            -7.858986e-02             2.763291e-02             2.402045e-04            -1.608961e-01            -2.593348e-01             2.622171e-01            -4.531598e-01            -1.687625e-01 
           -2.303652e-01             6.124386e-02            -4.172574e-02             6.318446e-02             3.318932e-02            -4.731730e-02             1.371439e-02            -1.650204e-01            -1.697637e-01            -6.002777e-02            -1.464935e-01             4.319342e-01             5.285019e-02             1.547860e-01            -1.297140e-01             1.191559e-01             9.070986e-02             7.777113e-02             1.409779e-01            -2.517491e-01             9.269630e-02            -4.491852e-01             1.767656e-01            -9.264073e-02             9.404536e-02             3.839846e-01             1.616859e-01            -1.323129e-01             2.459144e-01             1.822663e-02 
           -7.451904e-02            -4.534367e-02            -1.322578e-01             2.185400e-01            -1.177903e-01            -2.344336e-01            -9.641613e-02            -1.973522e-01            -2.902951e-02            -3.879395e-01             2.664874e-01            -4.351948e-01             3.546170e-01             2.630295e-02            -1.798036e-01             1.631826e-02            -1.209094e-01            -1.807864e-01             1.503610e-01            -6.766971e-03            -6.388953e-03            -8.832347e-02             7.190189e-02            -2.284484e-01            -1.131649e-01             6.146117e-02            -1.510527e-01             1.827942e-01             1.768443e-01            -5.013398e-03 
           -1.511468e-01            -1.105919e-01             2.226377e-01             2.695170e-01             2.152055e-01            -1.660262e-01             2.827504e-01            -1.540062e-03             2.842921e-01            -1.643661e-01             1.007076e-01             3.399588e-02            -1.291386e-01            -7.893727e-02            -3.112498e-02             2.552543e-01             2.319198e-01             1.554610e-01            -9.654614e-02             3.118836e-01            -6.463986e-02            -6.935529e-02            -1.587762e-01            -1.526324e-01             1.244594e-01             4.201930e-02             1.494655e-01             1.738612e-01            -8.308821e-02             4.024326e-01 
           -2.028952e-01             5.974312e-02             1.282082e-01            -7.757324e-02             7.465050e-02             2.275652e-01             2.991392e-01             1.585804e-01            -8.177929e-03            -3.453660e-02             3.627547e-03            -2.508996e-01             4.319804e-02             3.066104e-01             1.932689e-01            -3.972485e-02            -1.629526e-02             2.236837e-01             3.010178e-01            -2.854105e-02             2.614192e-01            -7.732199e-02             2.232105e-01             3.233772e-01            -7.416187e-02            -2.222188e-01             2.814140e-02             2.458429e-01             2.425956e-01             1.279971e-01 
           -2.107083e-01            -7.627572e-02            -8.309762e-02            -7.673436e-02             6.976416e-02             2.254206e-01             1.034747e-01            -2.059969e-01            -3.883380e-05            -1.447624e-01             1.444764e-01            -6.232876e-02             8.132293e-03            -3.064611e-01             4.185920e-01             2.617963e-02            -6.845771e-03            -1.283089e-01             3.838133e-02            -2.662125e-03             2.223276e-01             3.923437e-02            -9.748529e-02            -1.913173e-01             4.713209e-01            -1.528689e-01            -2.215042e-02            -3.286724e-01             1.842605e-01            -9.756290e-02 
           -2.695167e-01             2.109632e-01            -6.555474e-02             1.935494e-01             8.236286e-02            -1.701452e-01            -3.962196e-02             2.668847e-01             6.503089e-02             1.638248e-02             1.520725e-01             1.230167e-01            -1.986705e-01            -2.342236e-01             7.197997e-02            -8.173966e-02             2.051192e-01            -2.837454e-01            -2.775948e-01             1.873006e-03             2.855192e-01             7.422102e-03            -3.870726e-02             1.954591e-01            -3.232868e-01             7.182839e-02            -1.891426e-01             4.661423e-02             3.153846e-01            -1.249033e-01 
           -1.411737e-01            -9.863574e-02             1.897500e-01            -1.167636e-01            -1.817431e-01            -2.477779e-01             2.512722e-01             2.013856e-04            -1.102893e-01             8.298141e-02            -3.157548e-02            -4.301020e-01            -6.750654e-02            -2.518822e-01             3.737804e-02            -3.404758e-01             7.434109e-02             3.168268e-01            -1.981218e-01            -2.731552e-01            -8.998915e-02            -8.663237e-02            -6.586055e-02             1.159449e-02            -6.005466e-02             2.685390e-01             1.640232e-01            -1.706834e-01            -3.793544e-03            -3.413519e-02 
           -8.050464e-03            -2.356589e-01             1.707092e-01             2.366524e-01            -3.004170e-01             4.666549e-02             1.951788e-01            -8.282410e-02             5.538318e-02            -1.528529e-01            -1.714647e-01             1.286770e-01             1.166487e-01             2.490762e-01             3.604987e-01             1.631398e-02             4.049556e-02            -2.423420e-01            -5.581669e-02             1.163352e-01            -4.156385e-01             6.733846e-02            -8.813477e-02             1.740334e-01            -2.090963e-01             1.442039e-02             9.607977e-02            -1.672844e-01             2.128635e-01            -1.574527e-01 
           -9.353004e-02             1.137890e-01            -6.856537e-02             3.103070e-01            -9.470758e-02            -1.060310e-01            -1.598538e-01            -2.120821e-01             2.264427e-01             1.537997e-01            -2.515597e-01            -6.836177e-02            -1.230372e-01            -9.113724e-02             1.087803e-01            -1.736692e-01            -2.989085e-01            -1.799903e-01             2.551428e-01            -1.455142e-01             4.728631e-02             9.057826e-02            -1.451385e-01             3.402992e-01             2.134374e-01             1.944174e-01            -1.037244e-02             7.423294e-02            -7.186586e-02             3.588639e-01 
           -1.293862e-01            -2.464524e-02            -1.585763e-01            -4.719706e-02            -1.509237e-01            -6.255691e-02            -9.078443e-02             1.326831e-01             4.404653e-03             2.743435e-02             3.196174e-01             5.946512e-02            -2.570023e-01             6.426077e-02             3.587246e-01            -1.274204e-01            -1.273631e-01            -1.527312e-01            -5.205467e-02             2.684643e-02            -1.672672e-01            -7.452451e-02             5.622969e-01            -1.999324e-01            -4.592740e-02             3.989595e-02             1.962728e-01             3.862507e-02            -2.354184e-01             2.222119e-01 
           -7.676321e-02            -1.891986e-03            -4.363435e-02             3.887766e-01            -4.021486e-02            -1.295651e-01             1.513307e-01             1.973233e-01            -2.496958e-01             1.002348e-01             7.088803e-02             5.286464e-03            -2.731607e-01            -1.208099e-01            -6.093599e-02             4.047470e-01            -1.900693e-01             1.480974e-01             2.616381e-01            -3.507011e-01            -1.712239e-01             1.911719e-01            -6.445561e-03            -9.796685e-02            -4.733842e-02            -2.675290e-01            -2.208914e-02            -1.091001e-01             1.378856e-02            -1.233522e-01 
           -2.653952e-01             1.591091e-01            -2.609824e-01            -9.610605e-02             1.746704e-01            -1.572725e-01             4.043711e-01            -5.360273e-02             1.284355e-01             2.536361e-01             4.828560e-02            -4.648394e-03             3.959592e-01             2.455417e-01             4.623566e-03             1.177250e-01             8.084892e-02            -1.376970e-01            -1.023702e-01            -1.515276e-01            -5.181749e-02             2.144208e-01             3.553791e-02             2.366495e-02            -2.057878e-02             6.784685e-02            -2.016071e-01            -2.079661e-01            -2.973829e-01             6.597475e-02 
           -2.938194e-01             2.912944e-01             1.225858e-01            -5.973410e-02            -2.189982e-01            -1.116771e-01            -1.763052e-01             3.153796e-01            -2.308592e-01             1.244462e-01            -1.573007e-01             3.410488e-02             1.821392e-01             1.114790e-01             2.136584e-01            -2.981882e-02            -1.825284e-01             1.187559e-01            -7.443773e-04             2.549773e-01            -7.494090e-02            -1.837249e-01            -3.362330e-01            -3.004278e-01             4.937798e-02            -7.948239e-02            -2.163790e-01             6.445812e-03             5.578931e-03             1.471376e-01 
           -2.723676e-01            -2.084399e-01             3.249683e-01            -1.281841e-01            -5.595577e-02             3.910327e-01             5.277086e-02             1.533106e-01             3.129999e-01             4.057286e-02             6.517064e-02            -6.024094e-02            -1.589456e-01             8.308460e-03            -3.310356e-01             8.475885e-02            -3.326179e-01            -2.056484e-01            -4.614949e-02            -9.381173e-02            -8.668855e-02            -1.522637e-01             2.670687e-02            -7.564042e-02            -2.095818e-02             1.604919e-01            -2.980191e-01            -1.049525e-01            -2.459027e-02            -2.813864e-02 
           -1.124536e-01            -1.624013e-02            -3.757328e-01            -2.093677e-01            -1.398935e-01             6.441442e-02            -3.419604e-02             3.038501e-01             2.162056e-01            -3.036132e-01            -9.694326e-02            -9.834217e-02            -1.573150e-01             5.735386e-03            -4.854829e-04             6.678868e-02             2.385106e-01            -1.400709e-02             4.412828e-01             4.546955e-02             3.010301e-02            -7.432683e-04            -2.737959e-01            -1.879464e-02            -1.724714e-01             1.932305e-01             1.670757e-01            -1.373987e-01            -2.120652e-01            -9.314217e-02 
           -2.520431e-01            -1.586831e-01            -1.070643e-01            -1.278142e-02             3.484871e-01             1.784302e-01            -2.296029e-01             2.643118e-02             5.140965e-02            -1.214755e-01             4.487027e-02             1.782659e-01             2.744879e-01            -2.183856e-01             1.943275e-01            -8.696737e-03            -2.699206e-01             3.825938e-01            -5.143657e-02            -6.765811e-02            -2.024883e-01             2.610930e-01            -3.386426e-02             4.852813e-02            -2.031780e-01             2.288883e-01             5.963374e-02             1.976470e-01             3.781837e-02            -6.365470e-02 
           -8.982923e-02            -1.913805e-01            -2.678704e-01            -8.021415e-02            -5.073913e-02             5.026128e-02             3.051756e-01            -1.090644e-01            -1.470669e-01            -8.483896e-02            -1.164314e-01             2.636084e-01            -2.013498e-01             8.988824e-03            -2.352851e-01            -4.816875e-01            -1.972956e-03             1.535864e-02             7.553572e-02             4.048733e-02            -7.455457e-02             2.432235e-01            -6.592214e-02            -2.435118e-01            -8.094734e-02            -1.410459e-01            -2.100477e-01             1.076106e-01             2.074808e-01             2.568499e-01 
           -5.260317e-02            -8.446840e-02            -3.448047e-01             3.078227e-01            -1.828116e-01             1.888155e-01            -2.468299e-01             1.031452e-02             4.162925e-01             1.994814e-01            -8.611376e-02            -1.363020e-01             2.500592e-02             1.841767e-01            -5.128488e-02            -4.442625e-02             1.808972e-01             3.497094e-01            -2.649689e-01            -9.816823e-02             5.168847e-03            -1.051331e-01             5.788022e-02            -1.397263e-01             3.381536e-02            -2.230155e-01            -1.700314e-02            -1.365208e-01             1.707046e-01             1.865958e-02 
           -2.103059e-01            -2.220711e-01             2.117392e-01             6.160667e-02             3.021518e-01            -1.628694e-01            -2.185758e-01            -2.229162e-01             2.273972e-02             3.730181e-01             8.519437e-02            -8.706857e-02            -1.876245e-01             3.141830e-01             6.347711e-02            -1.830053e-01             1.310001e-01            -4.691300e-02             2.967513e-01             1.218627e-01             8.517491e-02             1.061002e-01            -9.802468e-02            -2.395866e-01            -1.002683e-01             3.456728e-02             5.454055e-02             5.166897e-03            -1.887703e-02            -3.069241e-01 
           -9.666537e-02            -2.534931e-01             2.060413e-01            -1.533639e-01            -3.221271e-01            -1.226980e-01            -1.434815e-01            -7.788765e-02             3.349768e-02             1.653855e-02            -3.577331e-01             3.981656e-02             8.705430e-02            -1.649019e-01             1.023238e-01             3.024160e-01             2.109593e-01             2.858674e-02             3.087854e-02            -6.141505e-02             3.200519e-01             3.270321e-01             2.916220e-01            -1.504017e-01            -1.272337e-01             3.414689e-02            -1.882376e-01             9.256042e-02            -3.866647e-02             1.317382e-01 
           -2.736829e-01             1.583519e-01             2.346613e-01             9.066070e-02            -6.163330e-02             3.188287e-01            -1.960576e-01            -6.560629e-02            -1.319965e-01            -2.243953e-05             1.077710e-01             4.520473e-02             2.081432e-01            -1.849120e-01            -1.502209e-01            -1.647665e-01             4.410664e-01            -1.836434e-01             1.102517e-01            -2.562241e-01            -2.183845e-01             1.436039e-02            -4.079375e-02             3.306402e-02            -4.585226e-02            -2.724434e-01             1.727248e-01             7.268030e-02            -1.991922e-01             1.496151e-01 
           -7.507682e-02            -3.943560e-01            -2.314842e-02             1.822178e-01            -2.316387e-02            -8.047196e-02             3.093393e-02             3.166674e-01            -8.888276e-02             1.111268e-01            -1.484246e-02             9.699834e-02             3.386295e-01            -8.607204e-02            -2.241236e-01            -1.457188e-01            -2.257912e-01            -1.327614e-01            -1.334028e-03             1.775378e-01             3.517172e-01            -5.256900e-03             1.382185e-02             6.942631e-02            -9.083917e-03            -1.426377e-01             4.061696e-01            -2.199577e-01            -8.581529e-02             5.846719e-02 
