 -6.7328286108135682e-002 -8.0397478700595468e-003  2.3294513504424874e-001 -3.1346763131355049e-001 -1.4132757197623744e-001 -3.3674815921688273e-001 -2.1577941805297263e-002  5.9125658220920108e-001  3.4485276054099373e-001  4.9043927978308938e-001
 -4.5483529059533234e-001 -7.3514382053097752e-002  2.8874082278517454e-003  1.3116177149216796e-001  3.3455607430529921e-001  3.4243697993444810e-001 -4.9678555923982171e-001  2.5659381762896150e-001  3.9998340872550520e-001 -2.6209709685853610e-001
 -3.5557538297098823e-001  6.6702180965207095e-002 -1.5494553231374281e-001 -6.2903540379297063e-001 -2.3063574227060185e-001  5.1149485537361450e-001  3.1578650603057279e-001 -1.5586750400200178e-001  9.2308975674787408e-002  4.5461335211571557e-002
 -1.5274512047224365e-001  2.9196958626183245e-001  8.6792336128235670e-001 -5.5813172330885188e-002  1.7614974754885279e-001  9.2701539848611569e-002  1.3427064788535967e-001 -3.0634127357294233e-002 -2.3915165223593032e-001 -1.3868575681450462e-001
 -3.0923401955605040e-001 -6.8214922166497785e-002  8.1326674342546451e-002  3.1623042886906538e-001 -7.9198696060146068e-001 -5.1128751769904085e-002  1.8832366001081135e-002  2.1046909233583194e-001 -9.1440953617545992e-002 -3.3201580321432472e-001
 -8.2783376257584418e-002 -6.0058880308077289e-001 -1.7889761222123837e-003 -3.8563333884063211e-001  1.2256593548291415e-001 -8.9510662922117790e-002 -1.9652720579646721e-001  2.2187112993365321e-001 -5.9098132962422079e-001 -1.5355940078772978e-001
 -5.9125140135261445e-001  2.1128164277939407e-001 -1.4754550079772871e-001  1.9220242872002771e-001  3.8696917065842190e-002 -1.4354309887410929e-001 -2.1197001114748876e-001 -2.1319310490481724e-001 -3.7714198065671772e-001  5.4069369111189225e-001
 -9.4824459635017275e-002 -6.9446873392224440e-001  2.7654833828708092e-001  3.1440634857824140e-001  1.2266657800702340e-002  1.8580240761078620e-001  2.7533717627562321e-001 -2.4959457492485201e-001  2.1416275654288250e-001  3.3873951599238078e-001
 -4.2085780901718284e-001 -4.7500593557863319e-002 -1.5119605504446307e-001 -1.7902027259966702e-002  3.0578982187389336e-001 -5.4450729474374637e-001  5.1340328274366487e-001 -3.5255570261278096e-002  1.6903954439190119e-001 -3.3770668609670829e-001
 -2.5629594673183265e-002 -1.0145112363333522e-001  2.0174988034221422e-001 -3.1765644965402823e-001 -2.1553672453037639e-001 -3.6996671674845438e-001 -4.6009390200157652e-001 -5.9734947393808391e-001  2.8474353221704612e-001 -1.2049496350481190e-001
