 -6.5087968193693335e-002 -2.9150622433610013e-001 -2.2375211085898886e-001 -1.6735224374968377e-001 -2.4628713200564298e-001  3.8328806752987235e-002 -2.7825387520018590e-003 -2.8442427130306674e-001 -1.6051136846928832e-001  3.5602382780100966e-001  3.5567428898386216e-001  5.4174265090453574e-002 -1.1120512749596249e-002 -1.5495057333258411e-001  2.0753052116449615e-002  2.4558193448735077e-001  4.0989095325960768e-002  8.3900047476912140e-002  7.5899362180546354e-002  1.7296298608015345e-001 -2.7367878204299971e-002 -2.7746838365448939e-001 -2.0554343275510695e-001  2.9692078089936530e-001 -1.8161560771470603e-001 -2.1250862966578493e-002 -1.1440970456948266e-001  6.8593957556536786e-002  1.0822903240473070e-002  1.3770416667947494e-001
 -2.4379618081630236e-001 -1.2165719572006300e-001 -9.0752431603662725e-002 -3.0372281394483330e-001  8.7481246533026455e-002 -3.9183384521645193e-001 -9.5342565840111762e-002  1.1157552138680341e-001  1.7348049130955598e-001  3.0050555274462272e-002 -1.9797511791067829e-001 -2.6637485959285293e-003  1.9161342113897042e-002 -1.4506701174471140e-001 -1.4362976412603334e-001  2.8974438722273285e-002  4.7163934172427216e-002 -9.0334933960898117e-002  6.2591944204911570e-002  6.7700725172688048e-002 -3.7554014886949938e-001 -1.0754663130647001e-001  1.8049898387867760e-001  2.0998375790630530e-001  3.2459625839312267e-001 -2.8350777227758139e-001  2.6882188397238015e-002  1.4442130122831609e-001  2.0008421327772727e-001 -1.8429329530113875e-001
 -4.8819133110179207e-002 -1.4793662874451066e-002 -1.1312650130378546e-001  2.9174267746911370e-001 -1.7192844600243634e-001  2.4395693387630846e-001  1.4525832406335704e-001  1.7967347288991989e-001 -2.0280333946382745e-001  1.8752387808580900e-001 -8.8042882170135187e-003 -7.3246882572765404e-002  5.9334523592304268e-002 -9.0171129279391915e-002 -7.6160131640603923e-002 -5.1464154281740199e-002  2.0241503795459151e-001  3.2993127930941980e-002  6.9174579817555815e-002  3.0365308399396668e-001 -7.1163240714551046e-002  1.2677436169422016e-001  1.9436791306601986e-001  4.0659482693841266e-002  3.7335956349434352e-001  3.8275828400122430e-001 -1.3209303297904174e-001  2.5710420211455587e-001 -6.9675846414382542e-002 -2.8507244541274473e-001
 -1.7999539743409895e-001 -3.3019724877529882e-002 -1.9168256785611942e-001 -1.3513026343955259e-001  3.5274349701346720e-002  1.6525554266801284e-001 -4.1499285758893389e-002 -4.1592812435648913e-002 -2.6732156896078496e-001  6.7331252898219979e-002 -1.8811178023706587e-001 -2.6718944810600326e-001 -1.6548949360481657e-001  2.0466178178707028e-001 -6.6217686305774792e-002  2.7622136312811169e-001 -6.4672004751977499e-002 -2.7318598895707563e-001 -3.6735254656015381e-001 -8.5197806046115473e-002  1.9016333514309515e-002  1.4893290055264224e-001 -1.8913455521780509e-001 -8.0935395669829546e-002  4.6281366514748859e-002  6.9722123556742149e-002  3.8950887991904976e-001  2.7897264671366118e-001  1.3609816877064421e-001  7.6308017878974455e-002
 -2.6873927490778848e-001  2.9764747456054641e-001  2.3863291678883736e-002 -5.6377268883829462e-003 -3.4118285204947130e-001 -3.0431393737305718e-002  1.7424738566971526e-001 -3.3743618395727470e-001  1.9387352105602296e-001 -9.6909406087055727e-002  2.0586356548666057e-002  1.8563676052986477e-001 -6.3826210909422282e-002 -3.0991716770016907e-002 -1.1952779987169231e-001 -2.4473273018703480e-002 -2.3955722814787961e-001  1.4573525076349642e-001 -9.3065806345086460e-002  1.2902498536810983e-001  1.7874145315535711e-001  3.6618774090063491e-002 -1.1433217855874263e-002 -1.1315727785945126e-002 -5.9083311745640077e-002 -1.7347985224557047e-001  2.2978869586805856e-001  2.0577499819658890e-001 -2.2409059927620387e-001 -3.9851135810784205e-001
 -1.7867342635190586e-001 -1.5310891935340831e-001  8.5446003366604600e-002 -2.7533855449298893e-002 -1.5328386358029475e-001 -1.5091511793292470e-001 -2.4375203250383046e-001  5.4632186657659315e-002 -1.6204207792949421e-001 -3.3129841593927173e-001  3.0986891014763185e-001  1.0639937760430351e-001 -1.2297902114920102e-001  3.8800476695792635e-001 -1.0361665266663277e-001 -3.0786631567030973e-002  6.4736160480364527e-002  1.7573284570687295e-001 -1.6837002991383349e-001 -8.3480997312318825e-002  8.3813533304463783e-002  2.5695493953766579e-001 -1.0029299299048025e-001  3.2229211562584004e-001  3.1833389593691985e-001  3.0572346491905704e-002 -1.3902258364143061e-001 -1.2650583074781591e-001 -1.0430389974106620e-001  3.6584740305240011e-002
 -2.2945658961201285e-001  1.1877248568548739e-001 -6.1685562783093131e-002  1.0335158023027205e-001  2.0444641355235049e-001  9.2795665704138344e-002 -1.1234741456443258e-001 -2.2629128767203457e-001 -2.5791844279169474e-001 -1.5688557736377076e-001 -2.7616291173861346e-001 -2.2509302939326212e-001 -1.6910572164659607e-001 -6.7608296052231676e-002 -1.3771607612036926e-001  5.2699352031620329e-002 -2.9612867639707177e-002  8.3881453558724395e-002 -5.8419570356391032e-002  4.1391546024941328e-001 -7.6079519895423608e-002 -2.1946171250784047e-002  2.6090629557128392e-001  1.7756866336771326e-001 -1.9570997973651233e-001 -6.1170797364978859e-002 -9.3012527098629574e-002 -4.1336613093235708e-001 -1.2822167865156597e-001  7.0755744717170443e-002
 -4.0442021110016227e-002 -3.2408493254958298e-001 -1.1058991155882056e-001  1.6934212210262056e-001  1.6131232856911515e-001 -6.8818018896518712e-003  5.8932078660288253e-002  2.5716523346149545e-003 -1.3597858125397691e-001 -1.8299494122089915e-001 -2.6051449867846405e-001  5.9514858260822394e-003 -5.4381183996135792e-002  2.5416008596512021e-002  2.0735667292472018e-001 -8.2550344317405266e-002  2.1419642008079075e-002 -6.6483865787431651e-002 -1.5334823250819993e-001 -2.1459548271233181e-001  1.0560285029704131e-001 -4.0163465170748947e-001 -7.8589857599265650e-002  2.7632914310074558e-002  2.4020452630712109e-004 -1.6089614243764402e-001 -2.5933478149808020e-001  2.6221714302407817e-001 -4.5315982076922379e-001 -1.6876252229631880e-001
 -2.3036517656973668e-001  6.1243863469449544e-002 -4.1725737797509703e-002  6.3184455995835165e-002  3.3189318496826020e-002 -4.7317298305154840e-002  1.3714392306610521e-002 -1.6502037267932068e-001 -1.6976374709373382e-001 -6.0027771137814781e-002 -1.4649349879231041e-001  4.3193423036865808e-001  5.2850189671004660e-002  1.5478602795204088e-001 -1.2971403541467980e-001  1.1915591063424315e-001  9.0709855305723439e-002  7.7771134686489177e-002  1.4097794284743181e-001 -2.5174913828798196e-001  9.2696297783669335e-002 -4.4918516956469390e-001  1.7676557241042434e-001 -9.2640725561495496e-002  9.4045362925270701e-002  3.8398463910457320e-001  1.6168592123611097e-001 -1.3231289391037127e-001  2.4591437381003617e-001  1.8226629673893647e-002
 -7.4519044190267059e-002 -4.5343667479883151e-002 -1.3225776690061380e-001  2.1853995395930939e-001 -1.1779029554528105e-001 -2.3443363602872486e-001 -9.6416129828394967e-002 -1.9735220833583067e-001 -2.9029505852132674e-002 -3.8793947892522102e-001  2.6648743528523716e-001 -4.3519484492005112e-001  3.5461702723088201e-001  2.6302949807724400e-002 -1.7980358165971219e-001  1.6318258889686840e-002 -1.2090935655815482e-001 -1.8078636812071711e-001  1.5036097001196469e-001 -6.7669712781147535e-003 -6.3889525087865440e-003 -8.8323472892104210e-002  7.1901890381832395e-002 -2.2844839358901253e-001 -1.1316487237138000e-001  6.1461165711239066e-002 -1.5105268058616494e-001  1.8279417600944128e-001  1.7684431952329119e-001 -5.0133979390849653e-003
 -1.5114684759122352e-001 -1.1059186318574693e-001  2.2263765253959786e-001  2.6951702367595748e-001  2.1520551293492513e-001 -1.6602621031832931e-001  2.8275044993823584e-001 -1.5400624854160494e-003  2.8429206826230097e-001 -1.6436609279923878e-001  1.0070755971097459e-001  3.3995875267621337e-002 -1.2913855721903114e-001 -7.8937271334115641e-002 -3.1124981214325814e-002  2.5525426601328038e-001  2.3191982446031398e-001  1.5546102892767102e-001 -9.6546140606223046e-002  3.1188361945481624e-001 -6.4639857493673042e-002 -6.9355293771523580e-002 -1.5877624804550070e-001 -1.5263238237027671e-001  1.2445943577804468e-001  4.2019303778602135e-002  1.4946548286660283e-001  1.7386120821791629e-001 -8.3088212283697560e-002  4.0243255012377799e-001
 -2.0289516895792958e-001  5.9743121767227930e-002  1.2820821207708960e-001 -7.7573242341377302e-002  7.4650497552300521e-002  2.2756520871584326e-001  2.9913921558273077e-001  1.5858041186326449e-001 -8.1779290182403298e-003 -3.4536604821453321e-002  3.6275466505264614e-003 -2.5089959505698872e-001  4.3198039802306923e-002  3.0661044387315584e-001  1.9326890378071848e-001 -3.9724852953016032e-002 -1.6295255231045663e-002  2.2368369680574401e-001  3.0101775475648856e-001 -2.8541049785398169e-002  2.6141916619122391e-001 -7.7321988051755608e-002  2.2321053054073312e-001  3.2337715121445659e-001 -7.4161867635705550e-002 -2.2221879875717002e-001  2.8141399420688742e-002  2.4584294416946229e-001  2.4259556851776862e-001  1.2799705036310954e-001
 -2.1070832027513120e-001 -7.6275716401792371e-002 -8.3097618767753331e-002 -7.6734356532335304e-002  6.9764164743337909e-002  2.2542062842162908e-001  1.0347467321046200e-001 -2.0599694691658857e-001 -3.8833803250232224e-005 -1.4476238957728382e-001  1.4447641768068836e-001 -6.2328763391361855e-002  8.1322933206051107e-003 -3.0646109227545926e-001  4.1859195882023098e-001  2.6179628333800577e-002 -6.8457711677774539e-003 -1.2830888486774120e-001  3.8381329309605694e-002 -2.6621247530054515e-003  2.2232763566914460e-001  3.9234368978343377e-002 -9.7485287746827770e-002 -1.9131731111884728e-001  4.7132090410897487e-001 -1.5286888886281150e-001 -2.2150423693226007e-002 -3.2867241152771304e-001  1.8426050766242022e-001 -9.7562900425166701e-002
 -2.6951674414427562e-001  2.1096319304366207e-001 -6.5554742413519038e-002  1.9354941147391772e-001  8.2362859658647453e-002 -1.7014524140078033e-001 -3.9621963779871615e-002  2.6688473121752232e-001  6.5030890509552214e-002  1.6382478826681618e-002  1.5207251428099913e-001  1.2301670433558193e-001 -1.9867049719160032e-001 -2.3422357870615140e-001  7.1979973616772719e-002 -8.1739661074759148e-002  2.0511922915275765e-001 -2.8374541530307440e-001 -2.7759483038807470e-001  1.8730056982801044e-003  2.8551915808060591e-001  7.4221017806942596e-003 -3.8707257893729960e-002  1.9545913168953255e-001 -3.2328681862965764e-001  7.1828392813903533e-002 -1.8914258923458163e-001  4.6614228761694645e-002  3.1538464443040626e-001 -1.2490327940073637e-001
 -1.4117371859519565e-001 -9.8635744919616436e-002  1.8974998356573924e-001 -1.1676361315434167e-001 -1.8174306552492281e-001 -2.4777787919514302e-001  2.5127223558792733e-001  2.0138557069707130e-004 -1.1028931587192399e-001  8.2981409321934166e-002 -3.1575477475829991e-002 -4.3010196598538764e-001 -6.7506538093808799e-002 -2.5188224964446437e-001  3.7378037225655053e-002 -3.4047584075060744e-001  7.4341087350037555e-002  3.1682678104502043e-001 -1.9812184978546468e-001 -2.7315521814431126e-001 -8.9989152853591825e-002 -8.6632365711928630e-002 -6.5860546084890170e-002  1.1594489385106752e-002 -6.0054664990609664e-002  2.6853903349593555e-001  1.6402318618766665e-001 -1.7068337139230480e-001 -3.7935438178117436e-003 -3.4135191190519568e-002
 -8.0504642605083547e-003 -2.3565886541122852e-001  1.7070921095976940e-001  2.3665239137941876e-001 -3.0041702285646238e-001  4.6665486688468177e-002  1.9517879197660401e-001 -8.2824102869651500e-002  5.5383175025131848e-002 -1.5285286453939290e-001 -1.7146465579893891e-001  1.2867695951272290e-001  1.1664870609268287e-001  2.4907616338628313e-001  3.6049866736835234e-001  1.6313984096284369e-002  4.0495558975327535e-002 -2.4234197988289705e-001 -5.5816693421189133e-002  1.1633517912637570e-001 -4.1563854815153900e-001  6.7338464580815494e-002 -8.8134768052555143e-002  1.7403338704030952e-001 -2.0909633182480020e-001  1.4420392944046023e-002  9.6079765805596323e-002 -1.6728444348682969e-001  2.1286352020824023e-001 -1.5745265591831545e-001
 -9.3530042403671271e-002  1.1378899177240161e-001 -6.8565367681996836e-002  3.1030696851248624e-001 -9.4707584924671406e-002 -1.0603095658985293e-001 -1.5985384643476508e-001 -2.1208212872305143e-001  2.2644272197379775e-001  1.5379966897328592e-001 -2.5155970743184325e-001 -6.8361766313883882e-002 -1.2303715738022021e-001 -9.1137237109944355e-002  1.0878029002000097e-001 -1.7366915073871347e-001 -2.9890848881395271e-001 -1.7999033517904320e-001  2.5514279246505034e-001 -1.4551422305055248e-001  4.7286307031763862e-002  9.0578264237118414e-002 -1.4513853613520633e-001  3.4029916192574972e-001  2.1343735421441018e-001  1.9441735573921393e-001 -1.0372435815716303e-002  7.4232937912879424e-002 -7.1865857370767505e-002  3.5886386585474039e-001
 -1.2938621835592895e-001 -2.4645237526569864e-002 -1.5857625381718457e-001 -4.7197064731672650e-002 -1.5092365211645711e-001 -6.2556913751954560e-002 -9.0784432787271621e-002  1.3268314549797489e-001  4.4046534420195717e-003  2.7434348740807385e-002  3.1961743945517213e-001  5.9465124205005424e-002 -2.5700230188362599e-001  6.4260768557919151e-002  3.5872462158229285e-001 -1.2742037338134130e-001 -1.2736311613859347e-001 -1.5273123958333140e-001 -5.2054667604667718e-002  2.6846427172131596e-002 -1.6726718894966705e-001 -7.4524509058553456e-002  5.6229690127124587e-001 -1.9993241212116963e-001 -4.5927398418546983e-002  3.9895950628670705e-002  1.9627276187057896e-001  3.8625068705276398e-002 -2.3541844312590873e-001  2.2221192598879219e-001
 -7.6763208107084188e-002 -1.8919857421828903e-003 -4.3634350930789691e-002  3.8877663125596895e-001 -4.0214859420162036e-002 -1.2956509249349266e-001  1.5133068500596622e-001  1.9732327830196139e-001 -2.4969580798508115e-001  1.0023476984097884e-001  7.0888026373903068e-002  5.2864638527060914e-003 -2.7316070754032779e-001 -1.2080987739732854e-001 -6.0935986364087633e-002  4.0474701634523574e-001 -1.9006932177891769e-001  1.4809741351698752e-001  2.6163808335946270e-001 -3.5070108228550539e-001 -1.7122388488625132e-001  1.9117185166436806e-001 -6.4455614819887135e-003 -9.7966853399896484e-002 -4.7338419739220858e-002 -2.6752897374341650e-001 -2.2089138711277614e-002 -1.0910007250626351e-001  1.3788560143848341e-002 -1.2335221625227785e-001
 -2.6539521136854244e-001  1.5910909124787542e-001 -2.6098242000780952e-001 -9.6106054496331694e-002  1.7467037948614894e-001 -1.5727252116494217e-001  4.0437106098467640e-001 -5.3602727275878011e-002  1.2843550853637203e-001  2.5363607867620125e-001  4.8285597976563871e-002 -4.6483943445794484e-003  3.9595921459758354e-001  2.4554170271248971e-001  4.6235664155506225e-003  1.1772504668012665e-001  8.0848919312740658e-002 -1.3769698920316109e-001 -1.0237022048563651e-001 -1.5152763995977803e-001 -5.1817494443166801e-002  2.1442082065825235e-001  3.5537905276094323e-002  2.3664945437271670e-002 -2.0578777554437613e-002  6.7846849691887770e-002 -2.0160711460619207e-001 -2.0796608322784457e-001 -2.9738286693488741e-001  6.5974752043639145e-002
 -2.9381941622675939e-001  2.9129442085367618e-001  1.2258582413411775e-001 -5.9734101187073417e-002 -2.1899815072536960e-001 -1.1167711702147504e-001 -1.7630523856535038e-001  3.1537955513221094e-001 -2.3085915605313728e-001  1.2444620659491068e-001 -1.5730073661695990e-001  3.4104881268172071e-002  1.8213917996610604e-001  1.1147898653870891e-001  2.1365838460136544e-001 -2.9818818056323304e-002 -1.8252837118566551e-001  1.1875592161541561e-001 -7.4437734314796930e-004  2.5497731606794510e-001 -7.4940904491872240e-002 -1.8372494386499913e-001 -3.3623304281151151e-001 -3.0042777397586651e-001  4.9377976892104179e-002 -7.9482392275569122e-002 -2.1637895686626257e-001  6.4458124448668538e-003  5.5789305516132570e-003  1.4713764354006731e-001
 -2.7236755832634946e-001 -2.0843985379584404e-001  3.2496827863159455e-001 -1.2818410159167173e-001 -5.5955772406440368e-002  3.9103270172091403e-001  5.2770862985477757e-002  1.5331055335870902e-001  3.1299990469370703e-001  4.0572859119877930e-002  6.5170639463879368e-002 -6.0240942856687199e-002 -1.5894562735872186e-001  8.3084596531931010e-003 -3.3103564858503171e-001  8.4758850552533183e-002 -3.3261791051828032e-001 -2.0564842559601229e-001 -4.6149493775194450e-002 -9.3811732168916973e-002 -8.6688552061425797e-002 -1.5226368151477546e-001  2.6706866228900339e-002 -7.5640420831183372e-002 -2.0958180304675361e-002  1.6049192096552514e-001 -2.9801909602942944e-001 -1.0495245345255290e-001 -2.4590273952814986e-002 -2.8138635857616071e-002
 -1.1245359146345769e-001 -1.6240127757559931e-002 -3.7573280454026042e-001 -2.0936769975370159e-001 -1.3989354236338350e-001  6.4414418357718009e-002 -3.4196035116893286e-002  3.0385008609401809e-001  2.1620559705491565e-001 -3.0361321372401739e-001 -9.6943263902462801e-002 -9.8342171980491444e-002 -1.5731495465709258e-001  5.7353856917261685e-003 -4.8548286048987963e-004  6.6788679970049475e-002  2.3851064578384784e-001 -1.4007090058501958e-002  4.4128283442218869e-001  4.5469546685656240e-002  3.0103007713189030e-002 -7.4326830677673775e-004 -2.7379586999939276e-001 -1.8794641330427644e-002 -1.7247143364933337e-001  1.9323048736433207e-001  1.6707567972783952e-001 -1.3739868983451911e-001 -2.1206523593292573e-001 -9.3142166732368303e-002
 -2.5204309164067740e-001 -1.5868309939582714e-001 -1.0706426693488989e-001 -1.2781415765817036e-002  3.4848708523262489e-001  1.7843020192311926e-001 -2.2960292927289283e-001  2.6431184922152406e-002  5.1409649147151473e-002 -1.2147545895988843e-001  4.4870266025663581e-002  1.7826592419227208e-001  2.7448788132324486e-001 -2.1838564474558841e-001  1.9432750834201692e-001 -8.6967368451471225e-003 -2.6992061748473689e-001  3.8259378367725289e-001 -5.1436570924376895e-002 -6.7658113684488347e-002 -2.0248829527674064e-001  2.6109295554557255e-001 -3.3864256916690150e-002  4.8528134057501185e-002 -2.0317800063498720e-001  2.2888828853771734e-001  5.9633741834443546e-002  1.9764700444619918e-001  3.7818370444587177e-002 -6.3654704017652858e-002
 -8.9829229780796133e-002 -1.9138047705443162e-001 -2.6787037429048005e-001 -8.0214153742847016e-002 -5.0739134090353750e-002  5.0261279470463431e-002  3.0517558053765270e-001 -1.0906439851696459e-001 -1.4706688925659367e-001 -8.4838959391111302e-002 -1.1643144841316699e-001  2.6360844294204339e-001 -2.0134977913457688e-001  8.9888242733432069e-003 -2.3528507068440202e-001 -4.8168753119165303e-001 -1.9729559118432196e-003  1.5358641999030250e-002  7.5535724127218165e-002  4.0487328115297386e-002 -7.4554565872519060e-002  2.4322351535702180e-001 -6.5922138636531652e-002 -2.4351179315163055e-001 -8.0947341645907833e-002 -1.4104592889091763e-001 -2.1004767741374664e-001  1.0761062383053779e-001  2.0748076444099123e-001  2.5684986554498207e-001
 -5.2603166607709854e-002 -8.4468397563076253e-002 -3.4480472310659788e-001  3.0782272863346805e-001 -1.8281164030681035e-001  1.8881552857717179e-001 -2.4682987040841659e-001  1.0314518231596785e-002  4.1629245602387610e-001  1.9948135357764415e-001 -8.6113759466336301e-002 -1.3630202018126480e-001  2.5005922271106030e-002  1.8417673505309137e-001 -5.1284884200004807e-002 -4.4426247596818395e-002  1.8089719162133855e-001  3.4970943246158914e-001 -2.6496885327524994e-001 -9.8168233656552403e-002  5.1688470077438002e-003 -1.0513311485527899e-001  5.7880220490009335e-002 -1.3972631855844758e-001  3.3815361647136430e-002 -2.2301546199626793e-001 -1.7003139084098114e-002 -1.3652077148973898e-001  1.7070455483798080e-001  1.8659583987619507e-002
 -2.1030589182481496e-001 -2.2207109122035212e-001  2.1173918693719659e-001  6.1606672350203451e-002  3.0215184089115549e-001 -1.6286938557648659e-001 -2.1857579885350928e-001 -2.2291616166797751e-001  2.2739719817776338e-002  3.7301808660631169e-001  8.5194367962889817e-002 -8.7068574095495829e-002 -1.8762451578147538e-001  3.1418299122261151e-001  6.3477112990902765e-002 -1.8300529495772255e-001  1.3100006673879891e-001 -4.6912995421739469e-002  2.9675130089103319e-001  1.2186270889286280e-001  8.5174910594726164e-002  1.0610020204950411e-001 -9.8024677408984615e-002 -2.3958658424952761e-001 -1.0026827247068468e-001  3.4567284232465641e-002  5.4540549828792549e-002  5.1668965458400336e-003 -1.8877025798831611e-002 -3.0692411220670479e-001
 -9.6665367989436757e-002 -2.5349305575285741e-001  2.0604133416731599e-001 -1.5336388768662765e-001 -3.2212708833226245e-001 -1.2269800307734462e-001 -1.4348146033874754e-001 -7.7887646813223965e-002  3.3497675474006047e-002  1.6538545765079515e-002 -3.5773314155539049e-001  3.9816559460371700e-002  8.7054302611430545e-002 -1.6490185661506584e-001  1.0232375625374161e-001  3.0241596219054923e-001  2.1095930719899661e-001  2.8586740167894222e-002  3.0878535550955318e-002 -6.1415045994426300e-002  3.2005191761083157e-001  3.2703209789552218e-001  2.9162199138752815e-001 -1.5040168853532207e-001 -1.2723366577123238e-001  3.4146893104956812e-002 -1.8823756306071054e-001  9.2560420779822669e-002 -3.8666466553231547e-002  1.3173818368953283e-001
 -2.7368288312295663e-001  1.5835194772132871e-001  2.3466130812380870e-001  9.0660699696262850e-002 -6.1633301401973518e-002  3.1882873394328015e-001 -1.9605761575717923e-001 -6.5606292141026437e-002 -1.3199652024565206e-001 -2.2439529347897946e-005  1.0777099073634000e-001  4.5204725573810618e-002  2.0814317644466779e-001 -1.8491198637814357e-001 -1.5022093985608551e-001 -1.6476652469972519e-001  4.4106637052130099e-001 -1.8364340493693571e-001  1.1025170121741579e-001 -2.5622407201315078e-001 -2.1838447310993397e-001  1.4360387941643127e-002 -4.0793753901427976e-002  3.3064023469892317e-002 -4.5852259892091005e-002 -2.7244344994055225e-001  1.7272478251379794e-001  7.2680299957624192e-002 -1.9919219478155273e-001  1.4961505555843768e-001
 -7.5076815027967411e-002 -3.9435598275708861e-001 -2.3148416788775113e-002  1.8221781674826990e-001 -2.3163865266716002e-002 -8.0471962328281063e-002  3.0933933779819484e-002  3.1666737666501765e-001 -8.8882762488273301e-002  1.1112680260344542e-001 -1.4842462732471005e-002  9.6998344198296504e-002  3.3862953399530626e-001 -8.6072041774816366e-002 -2.2412355480713095e-001 -1.4571881033388351e-001 -2.2579121693310181e-001 -1.3276136389330523e-001 -1.3340275200758277e-003  1.7753777121228237e-001  3.5171717073896724e-001 -5.2569004010398074e-003  1.3821852859810153e-002  6.9426314007427076e-002 -9.0839174275996713e-003 -1.4263773211169328e-001  4.0616962321072819e-001 -2.1995770506836007e-001 -8.5815293644204288e-002  5.8467192212355197e-002
