           -6.732829e-02            -8.039748e-03             2.329451e-01            -3.134676e-01            -1.413276e-01            -3.367482e-01            -2.157794e-02             5.912566e-01             3.448528e-01             4.904393e-01 
           -4.548353e-01            -7.351438e-02             2.887408e-03             1.311618e-01             3.345561e-01             3.424370e-01            -4.967856e-01             2.565938e-01             3.999834e-01            -2.620971e-01 
           -3.555754e-01             6.670218e-02            -1.549455e-01            -6.290354e-01            -2.306357e-01             5.114949e-01             3.157865e-01            -1.558675e-01             9.230898e-02             4.546134e-02 
           -1.527451e-01             2.919696e-01             8.679234e-01            -5.581317e-02             1.761497e-01             9.270154e-02             1.342706e-01            -3.063413e-02            -2.391517e-01            -1.386858e-01 
           -3.092340e-01            -6.821492e-02             8.132667e-02             3.162304e-01            -7.919870e-01            -5.112875e-02             1.883237e-02             2.104691e-01            -9.144095e-02            -3.320158e-01 
           -8.278338e-02            -6.005888e-01            -1.788976e-03            -3.856333e-01             1.225659e-01            -8.951066e-02            -1.965272e-01             2.218711e-01            -5.909813e-01            -1.535594e-01 
           -5.912514e-01             2.112816e-01            -1.475455e-01             1.922024e-01             3.869692e-02            -1.435431e-01            -2.119700e-01            -2.131931e-01            -3.771420e-01             5.406937e-01 
           -9.482446e-02            -6.944687e-01             2.765483e-01             3.144063e-01             1.226666e-02             1.858024e-01             2.753372e-01            -2.495946e-01             2.141628e-01             3.387395e-01 
           -4.208578e-01            -4.750059e-02            -1.511961e-01            -1.790203e-02             3.057898e-01            -5.445073e-01             5.134033e-01            -3.525557e-02             1.690395e-01            -3.377067e-01 
           -2.562959e-02            -1.014511e-01             2.017499e-01            -3.176564e-01            -2.155367e-01            -3.699667e-01            -4.600939e-01            -5.973495e-01             2.847435e-01            -1.204950e-01 
