 -7.4097327095963283e-003 -2.4271194092213955e-001 -3.6464076969288117e-001  6.8964735735658789e-001 -2.8327666082414210e-001 -1.8645492393661789e-001 -2.6906880814575797e-002  1.0806112586909082e-001  4.1677357756575101e-001  1.7705121806904253e-001
 -4.4219812998209035e-001 -5.2344616194888394e-001  6.8942145642379132e-002 -2.0170828005589170e-001 -6.2072282001683110e-001  2.9070270675514098e-002 -4.3068909829931293e-002 -1.2129605279501268e-001 -2.8507535322703376e-001 -3.2375288887385376e-002
 -3.0667814360347562e-003 -1.1511496832508315e-001 -2.0126793056389483e-001  2.6840978364817419e-001  2.3789905731186470e-001 -3.6502713205420206e-001 -3.3802697969642709e-001 -3.7174169265561677e-002 -4.4135775022439588e-001 -6.1147768310511819e-001
 -3.5213314942133855e-001  4.9197563505874709e-001 -2.3533654452823566e-001 -4.2428787824753900e-002 -2.2706261858974877e-001  3.1206337049277738e-001 -2.8175900196163395e-001 -2.8108953448719604e-001  3.4809916417714803e-001 -3.8505228049027790e-001
 -6.2701855322683173e-002  7.8899088234475390e-002 -7.4513279108559893e-001 -1.7526723777330175e-001  1.6396162547222731e-002  2.7393936685216042e-001  1.7251257655916100e-001  4.2099979961006356e-001 -3.2966413930777577e-001  1.1362418000230351e-001
 -2.1637262023043757e-001  5.4797443063214613e-001  7.5100674483921173e-002  3.3067526205683467e-001 -2.0384551004619211e-001 -2.6338320403356130e-001  3.2873439259321890e-001 -2.3727394605977373e-001 -4.4661130677406286e-001  2.5133659208295134e-001
 -4.6873742590465645e-001  1.8171964096724222e-001  9.2350667988357921e-002 -2.5902288338721513e-001  5.7950701546410660e-002 -5.5218819391700058e-001 -1.8650559750124676e-001  5.2449344295650446e-001  2.1072163664976651e-001  9.5343036346808366e-002
 -3.8942709488154403e-001 -8.3489386963863516e-002  1.1838248992347702e-001  2.7553846412496114e-001  3.9094119254748022e-001  3.7097044323785572e-001 -4.8767356103557319e-001 -3.5322336658849020e-002 -1.8296389288258608e-001  4.3409349156402793e-001
 -4.0013235218263143e-001 -2.5074229094833145e-001 -2.6868527630605987e-001 -1.3017265537875128e-001  4.6604283000112040e-001 -1.8004554794915539e-001  4.2793686762696675e-001 -4.6134502378592185e-001  2.0529295488740168e-001  1.2609387383195524e-002
 -3.1333046492584737e-001 -4.9379175581505355e-002  3.3285762032293786e-001  3.3140960327315089e-001  1.0532366573606031e-001  3.3823123287411733e-001  4.5848012163045798e-001  4.1291256762117146e-001  2.9957312631097438e-002 -4.1432777333173643e-001
