           -2.778843e-01            -1.917639e-01             2.288446e-02             3.360225e-01            -3.864603e-03             1.735707e-01             1.315806e-01             3.092172e-01            -3.210995e-01            -7.090116e-02             1.133738e-01            -1.262504e-01            -2.924737e-02            -9.362669e-02             1.799512e-01             8.283590e-02            -1.024276e-01            -7.870634e-02            -1.943869e-01             1.800161e-01            -2.993558e-01            -3.642120e-01             2.064858e-01             3.027659e-02             7.508596e-03             8.566963e-02             1.039801e-01             1.472888e-01            -2.064438e-02             2.251406e-01 
           -2.153188e-01            -1.152147e-01             1.508550e-01             3.970962e-01            -3.034421e-02            -1.001637e-01             2.279372e-01            -3.043181e-02            -5.835022e-02            -2.432646e-01            -2.262103e-02             3.195887e-01            -3.377205e-02            -5.006248e-02            -2.231693e-01             5.306008e-02             3.858092e-02             1.168524e-01             8.294277e-02             1.562392e-01            -5.089509e-02             2.682112e-01            -3.781292e-01             9.289193e-02             1.539760e-01            -1.828114e-01             3.197665e-01            -2.588745e-02             1.100166e-01            -1.728108e-01 
           -1.800494e-01             3.185420e-01            -1.209367e-01            -2.643034e-01            -1.103593e-01            -1.675835e-01            -2.081006e-02             2.918975e-01            -1.904103e-01            -6.424252e-03             2.309426e-01            -8.041160e-02            -1.048742e-01            -4.289030e-01             1.262770e-01             1.615290e-01            -2.653864e-01            -2.089731e-02            -2.885073e-02             1.862656e-01             1.671125e-01             2.887835e-01            -8.379795e-02             6.852827e-02            -1.676049e-01            -2.295014e-03            -3.766550e-02             9.797062e-02             1.660994e-01            -1.627935e-01 
           -1.538422e-01             1.681454e-01            -2.292444e-02            -1.588114e-01            -1.653389e-01            -3.406884e-02             8.678884e-02             3.104081e-01             1.574458e-01             5.208364e-03             2.237108e-01             5.624907e-02            -1.761990e-01            -1.621254e-01            -2.821151e-01            -3.647153e-01             1.266518e-01             2.813447e-01             5.056240e-02            -1.742093e-01            -9.840891e-02            -3.127692e-01            -2.782968e-02            -5.929207e-02             3.512514e-01             1.152542e-02            -8.422030e-02            -2.232515e-01             1.294012e-01             6.983624e-02 
           -1.850636e-01            -2.155034e-01            -7.314395e-02             8.938314e-02            -3.996271e-02             2.626865e-01            -1.576311e-01             1.711668e-01             2.408929e-01            -2.522887e-02            -4.367646e-02             5.233231e-02            -1.906719e-01             1.099186e-01            -8.368847e-02            -4.651801e-02            -2.308874e-01             1.500445e-01             4.467449e-01             6.398597e-02            -3.554805e-02            -3.793934e-02             1.368877e-01             7.267558e-02            -2.853442e-01             2.701480e-01            -7.417546e-02             1.698266e-02            -8.477964e-02            -4.320948e-01 
           -4.499389e-02             2.782445e-01            -1.068900e-01             2.840770e-01             1.472244e-01            -1.941255e-01             1.772133e-01            -1.639467e-01             2.220092e-01             1.437037e-01            -1.339462e-01            -1.568018e-01            -3.653890e-01             1.650677e-01             1.346027e-01            -5.478244e-02            -2.374234e-01             1.953354e-01            -2.492704e-01            -2.217895e-01            -1.024206e-01            -1.492542e-01            -1.016371e-01             4.549199e-02            -1.727836e-01            -1.165318e-01            -3.594253e-02             2.169614e-01             2.510053e-01            -1.030766e-01 
           -2.801115e-01            -7.767729e-02            -7.992618e-02             4.121275e-02             2.325422e-01            -3.603034e-01            -1.837524e-01             2.019254e-01             6.891925e-02             2.503885e-01             9.697869e-02            -1.639206e-01            -1.596649e-01             3.683202e-01            -1.569695e-01            -7.982373e-02            -2.530093e-02            -1.576430e-01            -1.537546e-01             1.416879e-01            -2.324932e-02             3.402538e-01             9.156913e-02             1.109636e-01             2.462963e-01             9.955179e-02             1.742355e-02            -9.967100e-02            -2.483100e-01             6.644042e-02 
           -1.783171e-01             1.273704e-02            -3.767454e-01            -5.548263e-02             6.303900e-02             8.849475e-02            -2.589069e-01            -2.096359e-01             4.253045e-02            -1.905488e-01             1.264964e-01            -1.206961e-01            -1.887020e-01            -4.555476e-02             1.089528e-01             1.672249e-01            -3.241833e-03            -1.688326e-01             2.432514e-01            -1.177032e-01            -3.663179e-01             3.986980e-02            -6.473457e-03            -1.818136e-01            -1.685381e-03            -4.090699e-01             1.406735e-01            -2.938346e-01             2.418476e-02             9.779861e-02 
           -9.118544e-02             2.322990e-01             1.027989e-01             9.774567e-02            -1.524446e-02            -1.141302e-01             1.248253e-01            -1.773983e-01             4.247599e-02             1.050399e-01             3.681663e-02             4.060791e-01            -1.438360e-01            -1.508542e-01             4.380086e-02             1.714050e-01             2.291099e-01            -3.706834e-02            -1.940283e-01             5.196461e-02            -2.631149e-01             1.001326e-01             2.838291e-01            -3.020643e-01            -1.877299e-01             3.268964e-01            -1.001777e-01            -2.797727e-01            -1.210397e-01            -1.145443e-01 
           -2.141355e-01            -2.409277e-01            -3.676334e-01            -1.228284e-01             4.105139e-02            -2.273322e-01             6.020156e-02            -2.256938e-01            -1.049470e-02            -2.109273e-01            -1.953538e-01             3.677176e-02             2.691919e-02            -1.473706e-01            -1.162217e-01            -3.558574e-02            -5.262536e-02             1.561556e-03            -2.801558e-01             2.421066e-01             2.930015e-01            -3.664884e-01             1.888617e-02            -1.015126e-01             4.511797e-02            -1.033692e-01            -1.309487e-01            -6.357822e-02            -2.134288e-01            -2.577538e-01 
           -1.572165e-01             5.587561e-02             1.495814e-01            -2.193133e-02            -3.385209e-01             2.130777e-01             2.632317e-01            -6.830250e-02            -2.666078e-04             4.092021e-02            -2.669752e-01            -3.384642e-01             1.220887e-01             7.209511e-02             7.318198e-02             3.468120e-02            -2.710515e-01            -2.145673e-01            -1.052269e-01            -5.730392e-02            -1.177799e-01             9.420159e-02            -2.134906e-01             3.436545e-02             1.844594e-01             1.117890e-01            -2.014947e-01            -4.296628e-01            -2.078342e-02            -1.601456e-01 
           -3.883677e-02             9.322560e-02             3.285835e-02             2.032227e-01            -4.239378e-01             8.249511e-02            -2.126342e-01            -2.865796e-01            -1.161876e-01             2.738941e-01             2.502089e-01            -2.348672e-01            -2.745314e-02            -3.404305e-02            -3.048050e-01             2.352966e-01             1.049347e-01             3.931547e-02            -7.599264e-02            -1.157409e-01             1.675232e-01            -8.833647e-02             2.263892e-01             5.510214e-02             1.324841e-01            -6.175469e-02             2.261619e-01             1.321163e-01            -5.425995e-02            -2.495728e-01 
           -1.693542e-01             1.590729e-01             2.282470e-01            -2.186250e-01            -3.809276e-02            -8.994893e-02            -2.042459e-01             5.740479e-02            -2.375205e-01             1.525087e-01            -2.290986e-01             1.944724e-01            -1.967882e-01             1.358421e-01             1.838900e-01             1.411586e-01            -2.152213e-02            -6.959404e-02             1.797981e-01            -1.029385e-01            -3.420550e-02            -2.774332e-01            -3.542845e-01            -2.397459e-01             1.838167e-01             3.555234e-02             1.097824e-01             2.444880e-01            -2.948410e-01            -8.655591e-02 
           -1.669601e-01             2.480043e-01             2.072066e-01            -2.661141e-01            -2.495782e-02             2.592448e-01            -9.873291e-02            -1.832380e-01             1.004912e-01            -2.057703e-01            -1.091192e-01            -1.075618e-02            -2.327085e-01             1.041130e-01            -3.844516e-01             7.610776e-02             5.119937e-02            -1.437323e-02            -1.547779e-01             3.298314e-01            -8.138536e-02            -6.675276e-02            -7.229054e-02             2.988575e-01            -2.299848e-01            -1.188106e-02            -3.963739e-02             8.283255e-02            -4.213646e-02             3.134085e-01 
           -1.720297e-01             1.095130e-01             7.009790e-02             2.778319e-01            -6.516938e-02            -7.263670e-02            -3.125095e-01             2.029520e-01            -1.585801e-02            -8.323528e-02            -2.353291e-01             3.076448e-01             1.311882e-01             4.205199e-02            -1.645541e-01             1.790994e-01            -1.401476e-01            -2.283839e-01             8.617039e-03            -2.336711e-01             2.033300e-01            -4.788501e-02             1.934224e-01             2.373600e-02             2.514541e-02            -2.083579e-01            -3.964371e-01            -4.362777e-02             2.506203e-01             1.363275e-01 
           -2.602050e-01             2.253750e-01             2.247758e-01             3.949603e-02             1.623950e-01            -1.588050e-01             2.641583e-02            -2.553276e-02            -4.630636e-02             6.773787e-02            -2.942057e-01            -2.319413e-01             8.447835e-02            -9.561640e-02             2.408902e-01            -1.545602e-01             3.495499e-01             2.611910e-02             3.101332e-01             1.404177e-01             1.668322e-01            -1.307166e-01             2.660487e-01             2.376020e-01            -7.520103e-02            -1.249591e-01             1.875869e-01            -2.190635e-01             9.376727e-02            -8.383663e-02 
           -1.173592e-01             5.799814e-02            -4.697794e-02            -1.836100e-01             1.158380e-01             2.127308e-01             9.967994e-02             4.555295e-04            -7.662869e-02             3.032638e-01             1.624556e-01             2.590880e-01             2.412122e-01             3.658675e-01             1.319377e-01             2.540809e-01            -1.830978e-01             4.387495e-01            -5.806858e-02             2.052426e-01             6.419018e-02            -7.000178e-02             8.326801e-02             2.246887e-02             5.772436e-02            -2.530885e-01             7.783979e-03            -2.187484e-01             9.771307e-02            -1.189229e-02 
           -2.971546e-03             1.811006e-01            -1.991529e-01             2.265492e-01            -2.767546e-01             2.521738e-02            -4.731719e-02             1.291554e-02             3.147555e-01             2.070385e-01             1.255563e-01             1.730167e-01             2.069468e-01            -8.140753e-02             2.580457e-01            -1.583866e-01             1.566567e-01            -1.247529e-01             4.747127e-02             2.513634e-01            -1.426279e-01            -4.760047e-02            -1.960055e-01             2.670743e-01             7.544141e-03            -2.122681e-01            -2.372096e-01             1.608922e-01            -3.201654e-01             1.170861e-02 
           -4.368575e-02            -3.333460e-03            -2.608197e-01            -3.856321e-02            -7.896420e-02             3.899113e-01            -1.140391e-01             3.448090e-02            -1.126791e-03             1.219810e-01            -1.937499e-01             3.188303e-01            -2.296778e-01            -3.393819e-02             2.104081e-01            -2.753706e-01             1.913152e-02            -1.947350e-01            -2.824137e-01            -1.050670e-01             2.547009e-01             1.039834e-01             3.786195e-02             1.551940e-01             8.122734e-02             1.045183e-01             3.943567e-01            -9.349967e-02             1.234258e-01             2.694931e-02 
           -2.533329e-01            -2.078592e-01             1.102367e-01            -1.368238e-01            -1.997754e-01            -1.946089e-01             7.816982e-03            -3.170472e-01            -2.322335e-01             1.730503e-01             2.603631e-01             1.416190e-01             9.774364e-02             1.749112e-01            -1.352841e-02            -4.463129e-01            -1.061254e-01            -2.405276e-01             9.417181e-02             1.012293e-02            -7.405264e-02            -5.354541e-02            -4.853837e-02            -4.612317e-02            -2.907283e-01             4.087006e-03            -4.684780e-02             4.757151e-02             3.002417e-01             4.547366e-02 
           -1.263444e-01             3.136388e-01             4.456259e-02             1.474920e-01             2.329338e-01             2.962933e-01            -2.088208e-01             4.560561e-03            -2.831011e-01            -2.121205e-01             6.352183e-02            -9.690842e-02             2.322738e-01             5.489397e-02            -5.813633e-02            -4.240227e-01             2.027725e-02             1.582970e-01            -2.003671e-01            -9.256790e-02            -3.019712e-02             1.795480e-01            -2.799572e-02            -2.413801e-01            -8.590782e-02            -1.052478e-01            -1.011026e-01             6.658687e-02            -2.192519e-01            -2.235611e-01 
           -2.219338e-01            -4.233790e-02             1.780202e-01             1.368420e-01             3.328498e-01             1.145951e-01            -2.676877e-01            -2.325557e-01             3.501644e-01             1.889567e-01             1.343425e-01            -6.737353e-02             2.097973e-01            -3.639200e-01             2.613016e-02             4.043035e-02            -1.988445e-01             1.181211e-02            -9.400955e-03             7.474135e-02             1.397260e-01            -9.097228e-02            -2.389367e-01            -1.592258e-01             1.233278e-01             2.594852e-01             6.761971e-02            -3.145191e-02             1.191650e-01             1.769144e-01 
           -2.607511e-01            -4.786913e-03            -1.105364e-01            -7.121994e-02             5.973207e-02             8.677565e-02             8.483648e-03            -1.206457e-01             2.192702e-02            -3.177707e-01             2.379319e-01            -3.141961e-02             1.541154e-02             2.454359e-01             2.658156e-01             1.961715e-01             4.107729e-01            -2.098375e-02            -2.707355e-02            -1.172688e-01             8.041411e-02             2.177871e-02            -9.209736e-02             1.564858e-01             2.325130e-01             3.019486e-01            -2.516888e-01             1.875024e-01             2.657638e-01            -1.495148e-01 
           -7.451044e-03             4.087255e-01            -3.427957e-01             6.636417e-02            -1.392655e-01            -7.645623e-02             1.434329e-01             3.271739e-02             1.120778e-01            -1.478580e-01            -9.940428e-02            -2.682359e-02             3.089375e-01             2.658184e-01            -1.460358e-01            -1.110464e-02            -1.144100e-01            -1.320323e-01             2.003012e-01             2.046370e-01             3.759406e-02            -6.022098e-02             7.726393e-02            -2.987422e-01             5.296910e-02             2.724709e-01             3.041623e-01             1.352896e-01             1.164932e-01             1.315483e-01 
           -1.433507e-01            -1.423890e-01            -3.386215e-01             2.880572e-02            -1.342052e-01            -6.072773e-02            -1.892289e-01             8.079865e-02            -1.973918e-01             2.540584e-01            -3.420750e-01            -1.069456e-01             1.795140e-01            -7.886234e-02            -1.335638e-01             9.277452e-02             2.941625e-01             3.537025e-01            -5.385254e-02            -8.879545e-02            -1.688785e-01             9.918174e-02            -2.779547e-01             1.005365e-02            -2.529608e-01             1.896712e-01            -4.278231e-02            -3.346626e-02             1.119566e-01             1.708990e-01 
           -2.072006e-01            -1.666953e-01             1.694067e-01             3.841331e-02            -3.993939e-01            -1.187530e-02            -8.745185e-03             1.135910e-03             2.233787e-01            -1.535484e-01            -4.905178e-02            -1.132875e-01            -1.626661e-01             7.566385e-02             2.838521e-01            -5.974536e-02             4.084228e-02             2.989483e-01            -3.777863e-02             7.670942e-02             2.721327e-01             2.501532e-01             1.208184e-01            -3.953807e-01            -3.902366e-02            -1.313889e-01            -3.198818e-02             9.712528e-02            -8.541051e-02             3.031288e-01 
           -1.585702e-01            -3.554801e-02            -1.068834e-01            -1.311045e-01             1.139629e-01             1.667638e-01             2.381736e-01            -2.330074e-01            -8.465114e-02             2.061351e-01            -2.615898e-01             5.592798e-02            -3.494384e-02            -2.339316e-01            -1.074245e-01            -7.591945e-02            -7.113073e-02             4.027128e-02             2.030936e-01             2.109888e-02            -1.854145e-01             2.675600e-01             3.004737e-01            -1.864626e-02             3.686882e-01            -6.897927e-02            -2.037610e-01             4.086209e-01             4.282311e-02             5.209608e-02 
           -2.136165e-01            -8.671071e-02             1.478190e-02            -1.007356e-01             1.485974e-01             2.261111e-01             3.467727e-01             2.785257e-01             2.285751e-01             2.429280e-01             4.859145e-02            -8.441318e-02             5.420040e-02             2.033932e-02            -2.045207e-01             1.256899e-01             2.997017e-01            -3.270530e-01            -5.860531e-02            -1.276712e-01             1.354915e-01            -6.514623e-03            -1.057881e-01            -2.754018e-01            -2.608483e-01            -2.494600e-01             4.118074e-02             1.345864e-01             1.313277e-02            -1.072917e-01 
           -1.194770e-01             1.124359e-01            -1.775813e-01             1.853584e-01             9.495296e-02             5.843552e-02             3.235032e-01            -1.519318e-01            -2.385090e-01             2.454361e-02             1.788667e-01             3.396696e-02            -1.399896e-01            -1.654360e-02            -4.944709e-02             3.299422e-02            -7.582161e-02             3.120874e-02             2.819335e-01            -2.719451e-01             3.762184e-01             1.633021e-04            -1.021909e-01             1.413458e-01            -1.313327e-01             1.290056e-01            -1.141242e-01            -1.413819e-01            -3.683058e-01             3.439525e-01 
           -2.790771e-01            -2.505910e-02             6.949023e-02            -2.405710e-01            -5.930927e-02            -1.651626e-01             5.929950e-02             2.030213e-03             2.332465e-01            -1.807568e-01            -2.155648e-03             1.053312e-01             3.623414e-01            -6.669962e-02             3.888796e-02             5.731524e-02            -1.620789e-01             9.347037e-02            -1.343839e-01            -4.780420e-01            -1.724224e-01             4.226663e-02             1.648175e-01             2.682314e-01            -1.014913e-01             1.612584e-02             2.878246e-01             1.200105e-01            -2.557816e-01             1.748183e-02 
