               -0.007410                -0.242712                -0.364641                 0.689647                -0.283277                -0.186455                -0.026907                 0.108061                 0.416774                 0.177051 
               -0.442198                -0.523446                 0.068942                -0.201708                -0.620723                 0.029070                -0.043069                -0.121296                -0.285075                -0.032375 
               -0.003067                -0.115115                -0.201268                 0.268410                 0.237899                -0.365027                -0.338027                -0.037174                -0.441358                -0.611478 
               -0.352133                 0.491976                -0.235337                -0.042429                -0.227063                 0.312063                -0.281759                -0.281090                 0.348099                -0.385052 
               -0.062702                 0.078899                -0.745133                -0.175267                 0.016396                 0.273939                 0.172513                 0.421000                -0.329664                 0.113624 
               -0.216373                 0.547974                 0.075101                 0.330675                -0.203846                -0.263383                 0.328734                -0.237274                -0.446611                 0.251337 
               -0.468737                 0.181720                 0.092351                -0.259023                 0.057951                -0.552188                -0.186506                 0.524493                 0.210722                 0.095343 
               -0.389427                -0.083489                 0.118382                 0.275538                 0.390941                 0.370970                -0.487674                -0.035322                -0.182964                 0.434093 
               -0.400132                -0.250742                -0.268685                -0.130173                 0.466043                -0.180046                 0.427937                -0.461345                 0.205293                 0.012609 
               -0.313330                -0.049379                 0.332858                 0.331410                 0.105324                 0.338231                 0.458480                 0.412913                 0.029957                -0.414328 
