 -2.7788426498373742e-001 -1.9176389739235991e-001  2.2884455433745655e-002  3.3602249532060446e-001 -3.8646033114865695e-003  1.7357072700889126e-001  1.3158061481425809e-001  3.0921724187129923e-001 -3.2109945862799150e-001 -7.0901155884638703e-002  1.1337377514728342e-001 -1.2625035570449517e-001 -2.9247373064309353e-002 -9.3626693397269242e-002  1.7995123845954400e-001  8.2835900011585153e-002 -1.0242764461324272e-001 -7.8706335269306080e-002 -1.9438685105674941e-001  1.8001607003484735e-001 -2.9935578262460033e-001 -3.6421195232421777e-001  2.0648581904008353e-001  3.0276592439909267e-002  7.5085956817804375e-003  8.5669626903817575e-002  1.0398009643136481e-001  1.4728878793843808e-001 -2.0644377193454695e-002  2.2514060135532260e-001
 -2.1531883476691147e-001 -1.1521466766317595e-001  1.5085502972580150e-001  3.9709617919197415e-001 -3.0344214268918465e-002 -1.0016367306036776e-001  2.2793718449330450e-001 -3.0431812337477007e-002 -5.8350216696949113e-002 -2.4326458848464591e-001 -2.2621025431792632e-002  3.1958874056751307e-001 -3.3772053432208154e-002 -5.0062482051439823e-002 -2.2316932556634161e-001  5.3060077016969673e-002  3.8580923037054148e-002  1.1685241034955245e-001  8.2942765258076145e-002  1.5623922468427484e-001 -5.0895090729668795e-002  2.6821124779508337e-001 -3.7812919795994360e-001  9.2891927350072609e-002  1.5397602056874807e-001 -1.8281135468734661e-001  3.1976652329833566e-001 -2.5887448568238054e-002  1.1001655646802556e-001 -1.7281081407390236e-001
 -1.8004936014379269e-001  3.1854196949297175e-001 -1.2093671310812154e-001 -2.6430339283266280e-001 -1.1035932886867497e-001 -1.6758350383875709e-001 -2.0810062243353744e-002  2.9189747271398120e-001 -1.9041032188496462e-001 -6.4242524040953059e-003  2.3094262702216847e-001 -8.0411604440380577e-002 -1.0487416036402550e-001 -4.2890298946522737e-001  1.2627695141006018e-001  1.6152898177842787e-001 -2.6538641601916507e-001 -2.0897309998942376e-002 -2.8850729799209079e-002  1.8626562434281330e-001  1.6711252506380517e-001  2.8878346939950172e-001 -8.3797949938145863e-002  6.8528269835296654e-002 -1.6760485645515522e-001 -2.2950142050756264e-003 -3.7665499642910112e-002  9.7970615454521390e-002  1.6609943850332656e-001 -1.6279349470259166e-001
 -1.5384222434678341e-001  1.6814543037998106e-001 -2.2924438858198958e-002 -1.5881138371362474e-001 -1.6533891194296990e-001 -3.4068840356175481e-002  8.6788842830466562e-002  3.1040807502199402e-001  1.5744579893732602e-001  5.2083642488674389e-003  2.2371076664394135e-001  5.6249074313741931e-002 -1.7619901864161377e-001 -1.6212535673004175e-001 -2.8211509769195242e-001 -3.6471528491714855e-001  1.2665182872230496e-001  2.8134467371202837e-001  5.0562400217210063e-002 -1.7420929725368806e-001 -9.8408906472068014e-002 -3.1276924504873344e-001 -2.7829683353847189e-002 -5.9292068224910621e-002  3.5125139358362878e-001  1.1525422616246483e-002 -8.4220302234592287e-002 -2.2325145462154861e-001  1.2940118446588300e-001  6.9836238668930989e-002
 -1.8506360835168054e-001 -2.1550338105161110e-001 -7.3143949807994338e-002  8.9383143791810657e-002 -3.9962708093428528e-002  2.6268653733380093e-001 -1.5763109027422276e-001  1.7116675772059906e-001  2.4089289363335248e-001 -2.5228865975392631e-002 -4.3676463804485116e-002  5.2332309996285215e-002 -1.9067186416465698e-001  1.0991860837988944e-001 -8.3688469238487440e-002 -4.6518005043665545e-002 -2.3088741560872050e-001  1.5004453731917120e-001  4.4674489346400947e-001  6.3985971001953842e-002 -3.5548054666582639e-002 -3.7939344439662216e-002  1.3688770989430071e-001  7.2675579100586543e-002 -2.8534422421785843e-001  2.7014801018586054e-001 -7.4175462261368869e-002  1.6982663711473230e-002 -8.4779640667002859e-002 -4.3209478585515460e-001
 -4.4993894266055406e-002  2.7824448652192357e-001 -1.0689001363990110e-001  2.8407699477171205e-001  1.4722444172335183e-001 -1.9412546841365017e-001  1.7721326387602790e-001 -1.6394666799615876e-001  2.2200923440117881e-001  1.4370374560707089e-001 -1.3394615194856296e-001 -1.5680175062011320e-001 -3.6538896325504927e-001  1.6506766605913301e-001  1.3460271097023532e-001 -5.4782442849886329e-002 -2.3742337398624386e-001  1.9533540641370842e-001 -2.4927038427234030e-001 -2.2178952965498350e-001 -1.0242063529135312e-001 -1.4925423448557745e-001 -1.0163706494923307e-001  4.5491991239406247e-002 -1.7278356785226354e-001 -1.1653180290297170e-001 -3.5942528170241003e-002  2.1696136834779653e-001  2.5100528244384246e-001 -1.0307663672084444e-001
 -2.8011149176340611e-001 -7.7677287614901697e-002 -7.9926179515020651e-002  4.1212751993481574e-002  2.3254218126572965e-001 -3.6030341373438984e-001 -1.8375235622678640e-001  2.0192538884449088e-001  6.8919250620974037e-002  2.5038852000776562e-001  9.6978693137712693e-002 -1.6392059682764917e-001 -1.5966489975714601e-001  3.6832019496832286e-001 -1.5696945799207948e-001 -7.9823732515875823e-002 -2.5300933134980219e-002 -1.5764301794071117e-001 -1.5375460941078190e-001  1.4168789374465651e-001 -2.3249324484502155e-002  3.4025380273936501e-001  9.1569126325897560e-002  1.1096359733768954e-001  2.4629627297606443e-001  9.9551793766738783e-002  1.7423547992741106e-002 -9.9670995595863898e-002 -2.4831004237852461e-001  6.6440415060385741e-002
 -1.7831710723526054e-001  1.2737042378614685e-002 -3.7674536614921711e-001 -5.5482626322538212e-002  6.3039001646643403e-002  8.8494753921371599e-002 -2.5890692924773356e-001 -2.0963590709467150e-001  4.2530449219712961e-002 -1.9054877021920644e-001  1.2649635296028738e-001 -1.2069613835459903e-001 -1.8870204921032901e-001 -4.5554761710643640e-002  1.0895276402265376e-001  1.6722490851801339e-001 -3.2418334243616131e-003 -1.6883257414599190e-001  2.4325139113000349e-001 -1.1770324245343819e-001 -3.6631788049896286e-001  3.9869798868364836e-002 -6.4734565050350371e-003 -1.8181361652439201e-001 -1.6853813814131239e-003 -4.0906990496960405e-001  1.4067346876194672e-001 -2.9383456449289280e-001  2.4184764718921881e-002  9.7798614311025073e-002
 -9.1185442930497948e-002  2.3229904141293739e-001  1.0279885836579682e-001  9.7745666820331714e-002 -1.5244462696909522e-002 -1.1413017990912966e-001  1.2482530141934201e-001 -1.7739834790643949e-001  4.2475989905680189e-002  1.0503986563017130e-001  3.6816629315860473e-002  4.0607913106560822e-001 -1.4383600447186301e-001 -1.5085423890667551e-001  4.3800857984836371e-002  1.7140500943796433e-001  2.2910994704368598e-001 -3.7068338946967476e-002 -1.9402825860939982e-001  5.1964609615638445e-002 -2.6311487582645876e-001  1.0013261568926220e-001  2.8382912559030615e-001 -3.0206433652631509e-001 -1.8772987045742848e-001  3.2689638930097420e-001 -1.0017765453912299e-001 -2.7977274033800437e-001 -1.2103968763006867e-001 -1.1454428049291518e-001
 -2.1413548463734464e-001 -2.4092773569076095e-001 -3.6763343931196479e-001 -1.2282838282811159e-001  4.1051390814731623e-002 -2.2733222010731222e-001  6.0201564654814514e-002 -2.2569377595713966e-001 -1.0494695165027400e-002 -2.1092730560308515e-001 -1.9535377546631139e-001  3.6771758373564591e-002  2.6919185818089490e-002 -1.4737062140705529e-001 -1.1622169136686018e-001 -3.5585735708743196e-002 -5.2625356784167673e-002  1.5615557217575297e-003 -2.8015576423415844e-001  2.4210664149487954e-001  2.9300153994515932e-001 -3.6648836980010802e-001  1.8886172403260473e-002 -1.0151261664360442e-001  4.5117968807102907e-002 -1.0336922511935634e-001 -1.3094867381951078e-001 -6.3578219346442741e-002 -2.1342879098705925e-001 -2.5775377940515826e-001
 -1.5721649346532604e-001  5.5875613197633456e-002  1.4958142955942469e-001 -2.1931331988308253e-002 -3.3852087290313865e-001  2.1307772273473777e-001  2.6323170397249879e-001 -6.8302495730536122e-002 -2.6660776074215881e-004  4.0920207284914203e-002 -2.6697515951848944e-001 -3.3846424574211809e-001  1.2208865244507691e-001  7.2095113614603648e-002  7.3181979343757517e-002  3.4681197631134683e-002 -2.7105153485024625e-001 -2.1456727186354516e-001 -1.0522689733475268e-001 -5.7303916196649235e-002 -1.1777985426827338e-001  9.4201589755101803e-002 -2.1349059118952257e-001  3.4365449746181741e-002  1.8445944164624659e-001  1.1178901109857703e-001 -2.0149470237899736e-001 -4.2966277105669320e-001 -2.0783421559006365e-002 -1.6014564519836438e-001
 -3.8836768601504680e-002  9.3225598854735178e-002  3.2858348199123907e-002  2.0322271102481076e-001 -4.2393783055606060e-001  8.2495108018132202e-002 -2.1263421934803431e-001 -2.8657957930612399e-001 -1.1618760470855530e-001  2.7389411451957235e-001  2.5020886015501298e-001 -2.3486719176904206e-001 -2.7453136736867157e-002 -3.4043052370266016e-002 -3.0480500487643064e-001  2.3529660225260482e-001  1.0493468092774479e-001  3.9315465767107691e-002 -7.5992644182733909e-002 -1.1574091971681416e-001  1.6752321615701127e-001 -8.8336470674255541e-002  2.2638922445195692e-001  5.5102137746050106e-002  1.3248411786064801e-001 -6.1754694784105654e-002  2.2616190518362758e-001  1.3211632634678891e-001 -5.4259948190258409e-002 -2.4957278744067929e-001
 -1.6935418781602943e-001  1.5907291778933880e-001  2.2824696224924335e-001 -2.1862501093625009e-001 -3.8092756077852077e-002 -8.9948934375108619e-002 -2.0424592054649263e-001  5.7404787711599403e-002 -2.3752050004265710e-001  1.5250873774596674e-001 -2.2909863388410664e-001  1.9447237134337481e-001 -1.9678820434468022e-001  1.3584207958316627e-001  1.8389001192753010e-001  1.4115859095301719e-001 -2.1522125647458985e-002 -6.9594039003795058e-002  1.7979808232626696e-001 -1.0293849684831360e-001 -3.4205496878677730e-002 -2.7743323316604412e-001 -3.5428452411814881e-001 -2.3974585921438399e-001  1.8381668902464104e-001  3.5552342613272808e-002  1.0978239719683233e-001  2.4448803972439956e-001 -2.9484097316807295e-001 -8.6555906754771497e-002
 -1.6696012655887135e-001  2.4800431504623571e-001  2.0720657318332861e-001 -2.6611412680947938e-001 -2.4957818199153551e-002  2.5924475914530631e-001 -9.8732912821625524e-002 -1.8323800041843991e-001  1.0049122598037633e-001 -2.0577029763373808e-001 -1.0911917873710374e-001 -1.0756179784618822e-002 -2.3270848914596876e-001  1.0411299680314386e-001 -3.8445158540193752e-001  7.6107764195277469e-002  5.1199367562430903e-002 -1.4373225069722672e-002 -1.5477785528177496e-001  3.2983143737928333e-001 -8.1385356327632483e-002 -6.6752760354709895e-002 -7.2290536673804057e-002  2.9885747945672880e-001 -2.2998478891587246e-001 -1.1881060463903246e-002 -3.9637385452840443e-002  8.2832552705646267e-002 -4.2136455392470414e-002  3.1340849356668476e-001
 -1.7202973802950131e-001  1.0951304350500048e-001  7.0097902341222929e-002  2.7783187129309844e-001 -6.5169378125009406e-002 -7.2636702415255591e-002 -3.1250948255264821e-001  2.0295203821571234e-001 -1.5858009666524790e-002 -8.3235277149730683e-002 -2.3532909264392807e-001  3.0764475852498113e-001  1.3118816514278175e-001  4.2051992093111210e-002 -1.6455406154214103e-001  1.7909940694863344e-001 -1.4014761967088946e-001 -2.2838387081982459e-001  8.6170387602891411e-003 -2.3367112494501416e-001  2.0333001515005156e-001 -4.7885008274403333e-002  1.9342244266638423e-001  2.3735996009147761e-002  2.5145414489144959e-002 -2.0835794707613398e-001 -3.9643713086302396e-001 -4.3627771600488002e-002  2.5062031720206346e-001  1.3632751097140877e-001
 -2.6020497378257046e-001  2.2537502225298620e-001  2.2477578521434202e-001  3.9496029896273030e-002  1.6239503559056373e-001 -1.5880499346169197e-001  2.6415828060629969e-002 -2.5532764583241191e-002 -4.6306355529858886e-002  6.7737870415724544e-002 -2.9420566248087138e-001 -2.3194133976759312e-001  8.4478354920209262e-002 -9.5616397479541565e-002  2.4089018822144354e-001 -1.5456021618010174e-001  3.4954991181717598e-001  2.6119104387748025e-002  3.1013317187833461e-001  1.4041770553282942e-001  1.6683219919393488e-001 -1.3071660956157066e-001  2.6604866493626134e-001  2.3760204974690133e-001 -7.5201033194686587e-002 -1.2495905230730386e-001  1.8758685696829380e-001 -2.1906352097151835e-001  9.3767273105980709e-002 -8.3836634337707744e-002
 -1.1735918227825026e-001  5.7998142084445328e-002 -4.6977935230188832e-002 -1.8360999007091347e-001  1.1583796992365415e-001  2.1273082984112776e-001  9.9679942347857500e-002  4.5552947006407066e-004 -7.6628688365211070e-002  3.0326377716762337e-001  1.6245555721082172e-001  2.5908803146928122e-001  2.4121221538439658e-001  3.6586750577558691e-001  1.3193773026590544e-001  2.5408086831078458e-001 -1.8309778539345078e-001  4.3874946668004522e-001 -5.8068577502616306e-002  2.0524262629940521e-001  6.4190183032592371e-002 -7.0001783168171322e-002  8.3268012093185725e-002  2.2468868931355211e-002  5.7724360788387781e-002 -2.5308846734304352e-001  7.7839790730372498e-003 -2.1874841766057421e-001  9.7713072480619542e-002 -1.1892292059274452e-002
 -2.9715463089515929e-003  1.8110064196178371e-001 -1.9915286232422297e-001  2.2654918368528590e-001 -2.7675459241955108e-001  2.5217375487979778e-002 -4.7317186286968523e-002  1.2915537339962450e-002  3.1475545907028402e-001  2.0703850939391719e-001  1.2555631647152246e-001  1.7301674300191539e-001  2.0694683786534587e-001 -8.1407532766718693e-002  2.5804574556511911e-001 -1.5838659173465927e-001  1.5665667164200645e-001 -1.2475294054747618e-001  4.7471268623156600e-002  2.5136338087066962e-001 -1.4262788749125185e-001 -4.7600469320242041e-002 -1.9600552024366547e-001  2.6707428133259181e-001  7.5441406489232584e-003 -2.1226813958926161e-001 -2.3720961608541047e-001  1.6089218717278875e-001 -3.2016536189832556e-001  1.1708614400001744e-002
 -4.3685751673923093e-002 -3.3334601087439387e-003 -2.6081974348417952e-001 -3.8563206221941634e-002 -7.8964198995356269e-002  3.8991132531586270e-001 -1.1403913979450427e-001  3.4480904337421736e-002 -1.1267909565121324e-003  1.2198098795246257e-001 -1.9374993252450748e-001  3.1883030627544862e-001 -2.2967781580511218e-001 -3.3938189925715491e-002  2.1040810185024592e-001 -2.7537059133175118e-001  1.9131523709961989e-002 -1.9473500879509814e-001 -2.8241374568255667e-001 -1.0506697084057523e-001  2.5470088938747837e-001  1.0398339164397248e-001  3.7861945756206231e-002  1.5519395324294924e-001  8.1227339832490281e-002  1.0451831805936095e-001  3.9435670834581543e-001 -9.3499671056595166e-002  1.2342584585832579e-001  2.6949307052416393e-002
 -2.5333288890791911e-001 -2.0785920090020971e-001  1.1023666026336211e-001 -1.3682383336275331e-001 -1.9977539826311266e-001 -1.9460894020831898e-001  7.8169817264516911e-003 -3.1704718729097842e-001 -2.3223353266405372e-001  1.7305033353119048e-001  2.6036312427894781e-001  1.4161895660429838e-001  9.7743635488985056e-002  1.7491123411909865e-001 -1.3528413052525431e-002 -4.4631294156809204e-001 -1.0612537638753280e-001 -2.4052755764820880e-001  9.4171814407520898e-002  1.0122927829199293e-002 -7.4052640622977353e-002 -5.3545414204101721e-002 -4.8538366594224905e-002 -4.6123166811710102e-002 -2.9072832150579597e-001  4.0870055003140587e-003 -4.6847800119303035e-002  4.7571511131477277e-002  3.0024173544603666e-001  4.5473655756593033e-002
 -1.2634443310085372e-001  3.1363875611311037e-001  4.4562590898270679e-002  1.4749201325130407e-001  2.3293381976361632e-001  2.9629331631661010e-001 -2.0882083033377918e-001  4.5605613697369332e-003 -2.8310111504466534e-001 -2.1212050317519557e-001  6.3521834043990533e-002 -9.6908421834098812e-002  2.3227379615966362e-001  5.4893968498128651e-002 -5.8136328992807830e-002 -4.2402273208882935e-001  2.0277253904600865e-002  1.5829697888205513e-001 -2.0036707697148590e-001 -9.2567895290326593e-002 -3.0197118108510709e-002  1.7954798389634463e-001 -2.7995724848277500e-002 -2.4138008096591845e-001 -8.5907821232822007e-002 -1.0524775429853554e-001 -1.0110259580190048e-001  6.6586867696978427e-002 -2.1925191550230136e-001 -2.2356107456781238e-001
 -2.2193378876571138e-001 -4.2337903837890267e-002  1.7802016026550246e-001  1.3684198327587399e-001  3.3284975586691190e-001  1.1459511218738208e-001 -2.6768767539689781e-001 -2.3255571986463786e-001  3.5016442780032941e-001  1.8895672704352742e-001  1.3434253049579747e-001 -6.7373533138239794e-002  2.0979733309004753e-001 -3.6391997702028822e-001  2.6130163044266772e-002  4.0430350442490000e-002 -1.9884445231442119e-001  1.1812113971053329e-002 -9.4009547602052490e-003  7.4741351853576402e-002  1.3972603129216773e-001 -9.0972282166658786e-002 -2.3893673140055388e-001 -1.5922582826866100e-001  1.2332779607279230e-001  2.5948517389284220e-001  6.7619710302336905e-002 -3.1451911934528495e-002  1.1916498881437176e-001  1.7691440656455387e-001
 -2.6075108680202030e-001 -4.7869132524952923e-003 -1.1053640276521368e-001 -7.1219943732608468e-002  5.9732073439644796e-002  8.6775650809690671e-002  8.4836478679965882e-003 -1.2064572879192748e-001  2.1927023461521533e-002 -3.1777069508415690e-001  2.3793185437282263e-001 -3.1419614637128980e-002  1.5411538832437146e-002  2.4543593819945439e-001  2.6581556940500539e-001  1.9617147603886195e-001  4.1077286632326204e-001 -2.0983749428025396e-002 -2.7073554707955076e-002 -1.1726884417566495e-001  8.0414111871888461e-002  2.1778707724861290e-002 -9.2097356200627437e-002  1.5648580289682001e-001  2.3251303823686706e-001  3.0194864573098062e-001 -2.5168875106920785e-001  1.8750241250057187e-001  2.6576377864420747e-001 -1.4951478514018382e-001
 -7.4510442631051483e-003  4.0872550177228217e-001 -3.4279567963311203e-001  6.6364171059522720e-002 -1.3926551021697831e-001 -7.6456231616453485e-002  1.4343285376986109e-001  3.2717388848903670e-002  1.1207779877202939e-001 -1.4785801448707214e-001 -9.9404278989033784e-002 -2.6823591396582785e-002  3.0893753041425137e-001  2.6581840695969999e-001 -1.4603576413557201e-001 -1.1104635183355135e-002 -1.1441000113795424e-001 -1.3203230145802936e-001  2.0030124525615642e-001  2.0463695892616429e-001  3.7594064992156631e-002 -6.0220980761634839e-002  7.7263932617581882e-002 -2.9874221306387727e-001  5.2969104327331838e-002  2.7247090290414627e-001  3.0416231942490307e-001  1.3528964638651825e-001  1.1649320785913835e-001  1.3154826848537948e-001
 -1.4335074265283862e-001 -1.4238898106532072e-001 -3.3862148270089493e-001  2.8805720811113315e-002 -1.3420516277541727e-001 -6.0727731249651161e-002 -1.8922892269686675e-001  8.0798651581885789e-002 -1.9739184315868577e-001  2.5405840624892051e-001 -3.4207501819501707e-001 -1.0694556527675558e-001  1.7951402989335782e-001 -7.8862337242042557e-002 -1.3356378584826192e-001  9.2774519701358138e-002  2.9416248041585258e-001  3.5370247826362816e-001 -5.3852538166451018e-002 -8.8795445225638925e-002 -1.6887847230458167e-001  9.9181744684643275e-002 -2.7795465166861921e-001  1.0053654404777422e-002 -2.5296076225191699e-001  1.8967117824690924e-001 -4.2782306346374359e-002 -3.3466255750371446e-002  1.1195663509625198e-001  1.7089901595960957e-001
 -2.0720060784460906e-001 -1.6669534500170355e-001  1.6940665722884982e-001  3.8413307542566548e-002 -3.9939385437627856e-001 -1.1875298237978494e-002 -8.7451847865699338e-003  1.1359101814493455e-003  2.2337874524471008e-001 -1.5354839846940854e-001 -4.9051778753906497e-002 -1.1328746067592262e-001 -1.6266608789330939e-001  7.5663848901677447e-002  2.8385212533206949e-001 -5.9745361971375005e-002  4.0842277835379318e-002  2.9894831085266071e-001 -3.7778628848086721e-002  7.6709417628687757e-002  2.7213270439095327e-001  2.5015316956896272e-001  1.2081844305179774e-001 -3.9538068695743545e-001 -3.9023664879643490e-002 -1.3138887206166919e-001 -3.1988182848632710e-002  9.7125283250568198e-002 -8.5410513460674450e-002  3.0312880329673725e-001
 -1.5857022561459827e-001 -3.5548013921498804e-002 -1.0688344425039392e-001 -1.3110445404218485e-001  1.1396294671097573e-001  1.6676379566175145e-001  2.3817361098248568e-001 -2.3300736788324544e-001 -8.4651143140988705e-002  2.0613506002748755e-001 -2.6158975465747525e-001  5.5927977574689550e-002 -3.4943843238294858e-002 -2.3393155540992017e-001 -1.0742454236480259e-001 -7.5919452802925544e-002 -7.1130732766436541e-002  4.0271280143357076e-002  2.0309364581795619e-001  2.1098880995658393e-002 -1.8541454971465915e-001  2.6756000526064366e-001  3.0047368334342295e-001 -1.8646257385932376e-002  3.6868820954012921e-001 -6.8979268010587846e-002 -2.0376101143355121e-001  4.0862086774764972e-001  4.2823114475315144e-002  5.2096075389934410e-002
 -2.1361645858897516e-001 -8.6710705302839086e-002  1.4781896757079532e-002 -1.0073564188098530e-001  1.4859742069371612e-001  2.2611105103730450e-001  3.4677268876642142e-001  2.7852574552542975e-001  2.2857511042426687e-001  2.4292795840570261e-001  4.8591452128338389e-002 -8.4413178843217612e-002  5.4200401351262355e-002  2.0339320501840737e-002 -2.0452065924244198e-001  1.2568994020553387e-001  2.9970174345697770e-001 -3.2705303388269025e-001 -5.8605307377384834e-002 -1.2767123496033853e-001  1.3549147457877986e-001 -6.5146231958661677e-003 -1.0578812185397193e-001 -2.7540179507810342e-001 -2.6084830556828287e-001 -2.4946002994931996e-001  4.1180740710205763e-002  1.3458642454352296e-001  1.3132774166229058e-002 -1.0729166071579593e-001
 -1.1947696070134252e-001  1.1243591504232574e-001 -1.7758128750433155e-001  1.8535841094710126e-001  9.4952957718796388e-002  5.8435520132364541e-002  3.2350320623636225e-001 -1.5193180265086495e-001 -2.3850904687062596e-001  2.4543610054331318e-002  1.7886668619495386e-001  3.3966955542186969e-002 -1.3998956952702704e-001 -1.6543600292804484e-002 -4.9447086172206799e-002  3.2994218258129177e-002 -7.5821605136071515e-002  3.1208740781042056e-002  2.8193349895433389e-001 -2.7194505013881254e-001  3.7621837041580708e-001  1.6330209959234537e-004 -1.0219093716873742e-001  1.4134577361110709e-001 -1.3133266733444368e-001  1.2900560484662099e-001 -1.1412420930604854e-001 -1.4138185776143347e-001 -3.6830577948230386e-001  3.4395254216777210e-001
 -2.7907714885048773e-001 -2.5059102670325479e-002  6.9490232369280924e-002 -2.4057096959000085e-001 -5.9309266769614850e-002 -1.6516255398636570e-001  5.9299501361639931e-002  2.0302132599804984e-003  2.3324648563584854e-001 -1.8075679247422810e-001 -2.1556482004667921e-003  1.0533122035495608e-001  3.6234136844688752e-001 -6.6699624334176408e-002  3.8887957268891965e-002  5.7315244656646516e-002 -1.6207889787375587e-001  9.3470369920425039e-002 -1.3438392364559118e-001 -4.7804204753272128e-001 -1.7242240219141972e-001  4.2266626772849827e-002  1.6481749779846097e-001  2.6823140718878025e-001 -1.0149126739653513e-001  1.6125840401681586e-002  2.8782458673113170e-001  1.2001048233350833e-001 -2.5578157065531132e-001  1.7481825199280876e-002
