           -7.409733e-03            -2.427119e-01            -3.646408e-01             6.896474e-01            -2.832767e-01            -1.864549e-01            -2.690688e-02             1.080611e-01             4.167736e-01             1.770512e-01 
           -4.421981e-01            -5.234462e-01             6.894215e-02            -2.017083e-01            -6.207228e-01             2.907027e-02            -4.306891e-02            -1.212961e-01            -2.850754e-01            -3.237529e-02 
           -3.066781e-03            -1.151150e-01            -2.012679e-01             2.684098e-01             2.378991e-01            -3.650271e-01            -3.380270e-01            -3.717417e-02            -4.413578e-01            -6.114777e-01 
           -3.521331e-01             4.919756e-01            -2.353365e-01            -4.242879e-02            -2.270626e-01             3.120634e-01            -2.817590e-01            -2.810895e-01             3.480992e-01            -3.850523e-01 
           -6.270186e-02             7.889909e-02            -7.451328e-01            -1.752672e-01             1.639616e-02             2.739394e-01             1.725126e-01             4.209998e-01            -3.296641e-01             1.136242e-01 
           -2.163726e-01             5.479744e-01             7.510067e-02             3.306753e-01            -2.038455e-01            -2.633832e-01             3.287344e-01            -2.372739e-01            -4.466113e-01             2.513366e-01 
           -4.687374e-01             1.817196e-01             9.235067e-02            -2.590229e-01             5.795070e-02            -5.521882e-01            -1.865056e-01             5.244934e-01             2.107216e-01             9.534304e-02 
           -3.894271e-01            -8.348939e-02             1.183825e-01             2.755385e-01             3.909412e-01             3.709704e-01            -4.876736e-01            -3.532234e-02            -1.829639e-01             4.340935e-01 
           -4.001324e-01            -2.507423e-01            -2.686853e-01            -1.301727e-01             4.660428e-01            -1.800455e-01             4.279369e-01            -4.613450e-01             2.052930e-01             1.260939e-02 
           -3.133305e-01            -4.937918e-02             3.328576e-01             3.314096e-01             1.053237e-01             3.382312e-01             4.584801e-01             4.129126e-01             2.995731e-02            -4.143278e-01 
