 -2.7962648712158700e-002 -5.1584720114438143e-001  4.4485161861499511e-001  4.0249136072881059e-001  1.5648135734848237e-001 -1.4193587018304793e-001  2.0921703283059331e-001  1.2798445785756049e-001 -4.7024525553940050e-001  2.1751529193072600e-001
 -1.6264317697181166e-001 -4.2135576444203254e-001  3.0507057555737471e-001  5.8014887128231878e-002  6.1182102829636723e-002  4.3781129021846005e-001  1.0896172716413770e-001 -3.9405488832004748e-001  5.2912499992958029e-001 -2.3880029200395242e-001
 -7.9221135077972932e-002 -4.1791366916540856e-001 -3.6863170782553761e-001 -4.4944566850879725e-001  2.3951265492738141e-001  1.1985334309860780e-001  3.4164506115701765e-001  4.6628502096640301e-001  1.5645605181578331e-001  2.2545228200950004e-001
 -8.0610526585299291e-001  1.9782060390241923e-001  8.9079768545688387e-002 -1.6564552881127748e-001  3.1457836810817613e-001  1.0382267908622175e-001 -9.6705231499940397e-002  5.6499816907786091e-002 -2.9829202821657741e-001 -2.5382414990414848e-001
 -2.5760340540843446e-001  4.7279869699691196e-002  3.8738167420569708e-002  4.9229010123342515e-001 -3.0761584501624778e-002 -1.3016808989304240e-001 -3.0003061843970152e-001  5.5626038027418190e-001  5.1144019290665299e-001  9.3004568509846702e-002
 -1.2696363182024528e-001 -4.2747927274046515e-001 -4.5091264779655765e-001  1.1310026077445665e-001 -1.9776146954434793e-002 -5.7718863691342237e-001 -9.4833847974947177e-002 -2.1237641684965225e-001  8.8975418968635089e-003 -4.4419999624534745e-001
 -8.8457723268588355e-005 -3.8256984975077657e-001  2.9672382391927377e-002 -2.3105723437223444e-001 -4.8865682490770357e-001  3.0055105400910059e-001 -6.0884757327044980e-001  1.8710210956522882e-001 -2.4827361556691030e-001 -5.3977983861399334e-002
 -4.4016441422904740e-001 -8.7136134286749933e-003  1.3208133916916065e-001 -2.1155647129078972e-001 -5.4416892779502246e-001 -3.3091051585728726e-001  1.9390987379858363e-001 -2.3612192879953581e-001  1.4001748645049200e-001  4.7475956891320897e-001
 -1.4740722402027295e-001  8.0711627357642424e-002 -3.4584951373840328e-001  4.0137221970310794e-001 -4.7155455483200936e-001  3.7737880460950907e-001  4.7851914332477624e-001  1.2304883821320824e-001 -1.8793393687485513e-001 -2.1639312955575013e-001
 -1.3686019153796733e-001 -6.8207478694015930e-002 -4.7165004189712251e-001  3.0134808717471406e-001  2.3840740295775945e-001  2.6588265911916487e-001 -2.8634510243639633e-001 -3.8379113994940273e-001 -8.5002454933968671e-002  5.4708897248424293e-001
