 -1.8206599312130911e-001  2.2208222736323460e-001 -2.0377188665272425e-004 -1.8965007270034526e-001 -2.7714490420751303e-001 -3.2488226765430517e-001 -2.9818700084227256e-001 -1.3384620581528847e-003 -2.4359795354086419e-001 -1.3819227696740691e-001 -2.2769893110219727e-001 -6.1143345887188338e-002 -1.2191603398396325e-001  7.1850701949495069e-002 -2.4807289778266051e-001  4.9898766512509726e-002 -3.1966912940494918e-001  1.6220042281375360e-001  3.7579289673615526e-002 -1.1127165494757531e-001  1.6386852411581695e-001  1.0006037693402013e-001  1.9213033969145210e-001 -6.2025714413615714e-002 -2.6248810240601006e-001  1.9391552089062070e-001 -1.7398312344523587e-001  9.6000322552451112e-002 -1.3642015372916036e-001 -8.7713774910631551e-002
 -1.9485017537568550e-001 -2.6314742352733378e-001 -1.3100775197439055e-001 -1.6793311452841506e-001  1.5701574421853173e-001 -1.7640813084245185e-001 -1.2618115187262019e-001  2.3213965533503875e-001  4.5622661273386399e-002  1.4074839748476725e-001 -1.5361617289300053e-001 -2.0130625170536162e-001  4.1393532786728898e-001 -3.9094449738568855e-002 -1.2569515048835411e-001 -2.2796109316454261e-001  1.8206989261517877e-002 -2.1317031926070776e-001 -2.0742871081453798e-001  3.5940614748555638e-001  1.1711820273555626e-001  1.6299313031668972e-002 -4.4963564368904023e-002  2.0207595219177463e-001  8.2577013549994083e-002  3.3761886528649525e-002 -3.3025534912064364e-001  7.3674851779989906e-003 -4.1659365905401896e-002  3.9490256390296630e-002
 -2.0987819457929910e-001  7.3480270351430399e-002 -2.9350652771133679e-002 -1.5497612671854599e-001 -1.5219459858074516e-001  2.4678713413466530e-001  8.9544156071968292e-002 -3.3912267418249029e-002 -2.2951318405487647e-001  2.6871301201002989e-001 -6.3629564904318231e-002  1.7274692323992899e-001  2.7486519784192265e-001  8.3340477056148526e-002  2.6288173925970482e-001 -9.6354764654122571e-002  6.3749245736406140e-002 -3.1030396970228451e-002 -2.4316502378853710e-001 -1.3029261553690005e-001  2.4076049644056058e-001  3.3661980214757226e-001 -2.9567258903432793e-002 -4.1442242136979812e-001  5.4709131557791661e-002 -1.0935872143444170e-001  6.7085677468184543e-002  1.6251295526676740e-001  2.7085803157230401e-002 -2.0285155542195499e-001
 -2.4384803222677562e-001  3.1563291983771752e-001  1.9291953389082164e-001 -8.7377463141876582e-002  3.1596132385139969e-001  3.1223010836443535e-002  5.5391899741520707e-002 -9.2053274369524721e-002  9.7425328215142604e-002  3.3351968460288789e-002  3.4740622181104719e-001  2.9050411414624605e-001  9.5509101746776320e-002 -1.5797360294002621e-001 -1.0116062569395592e-001 -3.8380605389650740e-001 -1.9777906859408997e-001  1.3514173758619505e-001 -1.2883866106493360e-002 -9.7806848028540797e-002 -1.9340787308509691e-001  1.7009403438716375e-001  1.4805456175913112e-001  6.4141625758811521e-002  1.1119734853672988e-001  2.5133941839991225e-001 -1.3676737984081233e-001 -7.2849081256363885e-002  3.8869838514058438e-002  1.2594568517811666e-001
 -2.5114325404824150e-002 -2.7533836697856845e-001  2.4906140122465348e-001  2.5763370137428510e-001 -7.4585217638205692e-002 -3.8048697000827733e-002  1.1945413072577639e-002 -2.0340683919566627e-001 -2.2923694408748546e-001  1.6837476733436602e-001 -1.8311466542065998e-002  2.4459650698167471e-001  1.5481740331839983e-001 -3.8524885890824550e-003 -4.6591633899284746e-001  2.2743490444106015e-001  1.3169978055086287e-001 -7.7452899917749118e-002  1.9034759709045676e-001  7.6983842390102475e-002 -1.7894236827711232e-001  3.4798578735904512e-001 -7.1226993697295682e-002  3.2513842112679549e-003 -1.2780400996092064e-001 -5.5025651104332149e-002 -1.2647339280751246e-001 -1.2608310467455380e-001  1.8971642286478413e-001 -4.2731710679107048e-002
 -1.5258990524658381e-001 -8.0454778243708377e-002 -1.1103989880841489e-001  3.2561106028685849e-001 -6.9405888398372736e-002 -2.3812276053924636e-001 -2.2219897681457962e-001  2.3018266695542486e-001  2.0977898045633125e-001  2.2296070556345041e-001  2.7106879914945636e-001 -9.8496106910472055e-003  1.0635586670560596e-001 -2.0933189146764075e-001 -6.4536090892167788e-002 -3.9994003435163149e-002  6.4548758753291940e-002 -2.2399583000443372e-002  2.4607256658642079e-001 -1.4257293157630080e-001  2.0497674119981943e-001  6.8167968847490393e-002  5.5373521141351578e-002  4.6925411046084397e-003 -4.1430467361763666e-002  8.5097360300571800e-002  3.7689113182857137e-001  4.1383985300667719e-001  2.3611016083622687e-002  4.1249515818014976e-002
 -1.6565928020177309e-001  6.5824822894540377e-002 -4.5832973123970902e-002  5.3117460694287563e-002 -2.0464606039588484e-001  1.4014887060431164e-002 -1.6900785767314619e-001 -3.8186484963929859e-002 -1.9267831985936684e-001 -1.1016881199443246e-001  2.9749805571742377e-001  3.9285059895164592e-001 -1.1760899080028250e-001  2.8768030461553845e-001 -6.5490038539134862e-002  1.1445695051404428e-001  2.0665488132578450e-001 -1.5699170845928900e-001 -2.6865238716800199e-001  1.5168443169668577e-001  2.6318582802398421e-001 -1.8167638251705531e-001  1.9473110706264571e-001  3.3031747984683657e-001  2.4689164949476783e-001 -2.1047502772651546e-002  5.9191752250443985e-002 -4.0993377531282536e-002 -1.5440508090868062e-002  8.0404400528711201e-002
 -2.1311990419173849e-001 -1.9081398590579232e-001 -2.1764978305476973e-001  2.4061914392696733e-002  3.0337674971759931e-001  6.2371252441475573e-002 -3.4623301044641724e-001 -1.1802694475321367e-001 -6.3636110997281614e-003 -2.3883616679601698e-002 -3.4602754616598466e-002  2.2934795153670924e-002 -2.2736829002072509e-001  3.5568188085456598e-001  2.9719364884551736e-002  5.0292967937962604e-002 -1.1193703539598678e-002  9.2458449054281938e-002 -2.3074435890201212e-002 -2.0668520265392029e-001 -3.0174609336196601e-001  1.9352377813729782e-002 -2.7895628752867008e-001 -1.1359534481867953e-002  1.8662276774846273e-001  2.7058354281696423e-003 -1.8505176928478462e-001  3.8012163761402878e-001  1.2850093490286346e-001 -7.1770332443202620e-002
 -1.6249571729227080e-001  1.0256928883583306e-001  2.6573810501298878e-001 -2.5174529830341685e-001 -9.0104218991623741e-002  2.1387321963876554e-001  6.9174481630069062e-002 -2.1643219132732819e-001 -2.6832212922590237e-001  3.7828077058352297e-002  5.1056482944593848e-002 -1.9739985599988485e-001  3.5648732564504904e-002 -9.2005472642165784e-002  3.2941100845508109e-002 -6.1166828064122096e-002  2.3972663294682095e-001  1.9954306142904274e-001  3.3490600637945461e-001  1.9335461649993305e-001  1.1903893376370472e-001 -1.8093263183475955e-001 -2.4599316740079114e-001  2.0778031982718870e-001 -6.6240178418823917e-002 -5.7839735374625029e-003 -3.8585635637797211e-002  3.6453800101440365e-001 -1.0524095007722325e-002  2.4019761284622243e-001
 -7.6864720888676658e-002 -2.6791844317920893e-001  1.3314950513510748e-001  6.8434070913943212e-002 -1.6041111406270825e-001 -1.4853510176822854e-001  2.7861654147362325e-001 -1.9580367760907558e-001  9.8576427670061709e-002 -5.1794133802449030e-002 -1.9053425402247889e-001  9.7115307728799199e-002  8.2996240793468012e-002  1.5784591724849520e-001 -2.0981374642751940e-001 -4.2676022133062919e-001  7.4483054629756407e-002  1.0561298685337078e-001 -1.6889315780719827e-001 -1.5884051505244123e-001 -1.8007253371996815e-001 -3.6168487935538007e-001  2.5270467637510741e-001 -6.5917766188133511e-002 -6.9542783055118573e-002 -1.8475245074194510e-001  1.0125521915217822e-001  2.4055930671450435e-001 -9.9567677706620714e-002 -3.3848442093415997e-002
 -1.9340623156242315e-002  2.6890875766315270e-004  3.9898422022790447e-001  4.3594171166022211e-002  7.7248210591704461e-002 -2.2123962108042482e-002 -2.0488845537421291e-001  1.5124157217894033e-001 -1.4806505643444709e-001  1.6116274751907167e-001 -3.5729249226590248e-001  1.0171452226610163e-001  2.4924938713173880e-001  1.0627578550567551e-001  2.1592676715467612e-001  1.2131040663131563e-001 -1.1971463000014990e-001 -1.7462579311618223e-001  6.7953676997205559e-002 -2.8610276192205703e-001 -4.5239423633886791e-002 -3.2923336910587153e-001  2.0367847520985624e-002  1.0046601800559113e-002  1.3222917019261618e-001  2.4618253940189250e-001  1.3786907269816454e-001 -1.2216133311001018e-001  1.6845087756769059e-001  2.5281118649394779e-001
 -1.1098261210447993e-001  2.9097663029155868e-002  2.2027918716921147e-001 -1.6754558292624327e-001 -1.6091600608567813e-001  1.6782590585735285e-001 -4.3225097670066093e-001 -1.0449053442011466e-001  2.4945908564402261e-001  3.8053963336219021e-002 -1.0886282288162932e-001 -2.4558136165949512e-002 -2.9803679183027454e-002 -2.7122846562031389e-001 -2.7747912286008418e-002  2.0175112713834532e-002 -7.6682821600334267e-002  1.0097272769312139e-001  7.1448796813816003e-003  2.9943036194496486e-001 -1.7168277293113804e-001 -9.0790734613044585e-002  1.6917384227507201e-001 -1.8468076064268653e-002  2.3670464460298418e-001 -2.0943973058962104e-001  1.8922988062124840e-001 -4.1596852540219914e-002  2.1019633663305476e-001 -3.9061723907481588e-001
 -1.1665977815040582e-001 -9.8668876074657907e-002 -1.3115612913450353e-001 -3.3770840178784518e-002 -3.0684557284924008e-001 -3.0597386287940126e-001  2.2666989792732253e-002 -2.0701078962321368e-001  6.8008026685285911e-002  1.5993753439903652e-001  1.0520949193525037e-001  1.7998678250809702e-001 -1.7738038577328896e-001  1.1479384855008143e-002  4.1898167895609373e-001 -1.0523639928732896e-001 -1.3978430053769819e-001 -2.4620239869653102e-001  2.0077326926382622e-001  3.1824873093620137e-001 -1.9481530306942196e-001 -7.4359078242903609e-002 -9.2674230108655137e-003 -2.4115800291483186e-001 -1.0065652031387087e-001  6.0289051010390490e-002 -1.7292302670137671e-001 -3.2849531870660080e-002  1.5156197577289310e-001  2.0998569590684002e-001
 -2.5624326936791458e-001 -1.1987358661780592e-001  1.6414584282666270e-001 -1.5189082971982383e-002  3.2708494237533903e-001  1.4614925576427845e-001  1.6593422104247305e-001  2.2159965645063037e-001  3.1623556103856879e-002 -2.9431645356255931e-001 -6.4563891557063852e-002  1.7507661910758565e-001 -5.8148448141169019e-002  1.0869649171299123e-001  1.7623446099093756e-001  1.3324223222672013e-001  6.9481932992284681e-002 -1.8937147797089079e-001  1.9237331632924917e-001  2.4845780450443017e-001  9.8605506216422056e-003 -1.9612961036408992e-003  2.6553859343194208e-001 -2.3013292917927961e-002 -3.5203446348952672e-001  1.8240877652320439e-001  4.7533820418667320e-002  1.7061617396746137e-001 -4.4394178789223915e-002 -3.1662075523292393e-001
 -1.8055912529904522e-001  1.7204234299885676e-001 -8.5606452774356273e-002  3.3517923169736369e-001  2.4167286503698612e-001 -1.9338202327535994e-001 -1.7209391158052631e-002 -2.2049686885990963e-001 -1.2599222099957810e-001  1.0439846308163579e-001 -3.2703533378633720e-001 -1.1705601437059829e-001 -2.3371861234130598e-001 -2.3988836602166788e-001  2.1066689912912587e-001 -1.1312276785298137e-001  4.0341932181208429e-001  1.2154452379706131e-001 -1.0273457799831945e-001 -3.3273834918087872e-002  1.4930374234972407e-001  5.1403672101582205e-002  2.1847186198725760e-001  1.0712349607697071e-001 -4.9100080517393410e-002 -2.5918251866547837e-002 -1.0022989322563777e-001 -1.3498664540631369e-001  2.2561709491875587e-001 -3.2545991030759586e-002
 -1.8659767966379420e-001  1.9544105955995067e-001  2.6797488007398734e-001  2.0363787675348638e-001  3.2700775639526752e-002 -6.8989021426215727e-002  2.8320913949440968e-001  2.6113831979135810e-001 -3.0947092747609976e-002  2.2742674923655062e-001 -1.2671828867854060e-001 -1.9083929710251873e-001 -3.6151786313122763e-001  2.2287654584273614e-001 -1.1665964909975868e-001  8.1573705374880616e-004 -2.9308342644566593e-001 -4.2388093259009614e-002 -1.4370304099992770e-001  2.8680550438608426e-001 -4.0500186128311209e-002  1.7598380357759666e-001 -8.1358438607085831e-002  1.8227172548368031e-002  1.8290640484077070e-001 -1.8034730808962118e-001  1.7789620155426095e-001  1.2110162412194812e-001  2.0269786921708721e-002  1.3217645621523114e-001
 -2.5782106644243502e-001 -1.4547581851561348e-001 -2.1765429267447678e-001  1.8786361597650164e-001  1.6681905446008974e-001  2.9255462015773337e-001 -9.8220396714762404e-003 -1.8008793108433513e-001 -2.8151021775682628e-001  7.2322574735824582e-002  6.2213110294207521e-002 -1.6548021575194877e-001 -8.9575748860921206e-002 -1.4292752993718058e-001 -1.9230895313125246e-001 -6.1085703234377085e-002 -2.7022958246491524e-001 -2.0666509118456405e-001  2.4566832777877340e-001 -1.5662021457404116e-002  1.4941619066191647e-001 -2.7326848213603622e-001  1.2917129324302984e-001 -2.5929461701806977e-001  1.7338266510473277e-001 -5.3743509461025574e-002  1.8857415779364152e-002 -2.0173522116424089e-001 -2.5994787187620327e-001 -5.1950681128721983e-003
 -1.7749840533803429e-001  7.7286517891648226e-002  2.2331281314245743e-001 -1.5362897227844893e-001  2.0552975846094010e-001 -2.2578830435101838e-001 -8.2115906996553120e-002 -1.1370033857308383e-001  1.1633695302157854e-003 -8.8228038128105715e-002  3.3600070565921769e-001 -1.9150554675512840e-001 -1.5815365056514145e-003 -3.1668864242412970e-002 -6.2986143511489581e-002  7.3234430833220079e-002 -2.8407980395402706e-002 -2.9661923817746821e-001 -2.4632902178657412e-001 -1.8118599554325987e-001  1.0085493758366665e-001 -1.8129834439256454e-001 -2.1713898290624720e-001 -1.2683855278076214e-001 -3.6185611042236571e-001 -3.4475731133005671e-001  6.4195636304022766e-002 -9.2147380553122368e-002  2.3590687140527331e-001 -4.2760288379666139e-002
 -2.5884343786014918e-001 -1.9772010574279297e-001 -8.1088135218644594e-002 -4.3279545514419857e-002 -1.8167561998285062e-001  2.6003828134408469e-001 -1.3618465959706949e-001  2.9709281721836933e-001 -1.2326110972305823e-001 -2.5330661943502600e-002 -1.1376223218189480e-001  1.7632544588721200e-001 -2.4129185534452807e-001 -3.2948166864552247e-001  4.3109116324710602e-002 -1.5589511785534935e-001  2.4018510606276189e-002 -5.3433943411829651e-003 -2.0207922063768460e-001 -1.2447712651439204e-001 -2.5311808021165583e-001  8.1618471761400010e-002 -1.9191955567912136e-001  1.8773233763962094e-001 -3.2188698181140241e-001 -7.8153335848963223e-002  1.4988230015373261e-001 -1.5533409729912795e-001 -1.5409425013946848e-001  2.1310216992121317e-001
 -1.5968188433939226e-002 -4.9779359442758336e-001  3.7952818275968020e-001 -3.1757138130638282e-002 -4.5212651726527893e-002 -2.3731205141701489e-001  3.8326787417461289e-002 -2.3282077741869317e-003 -1.3930890218141248e-001 -1.9724455560412760e-001  1.7828849090553733e-001 -1.0910655731692950e-001 -1.6224055579138291e-001 -1.1108245124342178e-001  3.0365078011952429e-001 -9.1257824229513410e-002 -9.8554324443054286e-002  1.1102640697289527e-001  3.9471532527101026e-002 -1.7266991499846471e-001  1.8795570256604374e-001  2.2696091332097754e-001 -2.0925136380067870e-002  1.1587819424253165e-001  3.1026960125270597e-001 -1.0685207867944326e-002 -6.6656717684912506e-002 -8.9905042166173968e-002 -1.3780997357291791e-001 -1.5442917884168272e-001
 -2.6090296652667011e-001  1.0275778195716553e-003 -5.3355807508513133e-002 -2.6580619172910858e-001  2.2415095645403248e-002 -2.4080895009183281e-001  1.4227771520170479e-001 -1.6087921417541971e-002 -5.1906067799995806e-002  2.9174456162147738e-001  1.4226381081991180e-001 -1.9389017578001294e-001  3.8973996273649440e-002 -8.8367945520262323e-003  2.0658929630536914e-002  4.0581963050380937e-001  2.7683717689109444e-001  9.5588594189507936e-002 -8.7375873916723371e-002 -5.7543365355416043e-002 -3.9121930403895094e-001 -4.0722788099375823e-002  1.5647802561152035e-001 -3.0637432970417804e-002  1.0086036793201553e-001  1.4634004977656775e-001  1.5337111332015690e-001 -1.1143670285277751e-001 -3.4528488824818609e-001 -5.8934676835490613e-002
 -1.1676712101575121e-001 -9.4027362507293974e-003  7.6527892091015126e-002 -1.0504228062058309e-001 -8.3262993013187278e-002  4.3100756506797649e-002 -8.5335917105420531e-002 -7.5012272448751111e-002  2.7729506181994529e-001  1.0046931504772769e-001 -5.7918486564927402e-002 -1.0885447504453427e-001 -1.8012693606676036e-001  3.7371304513134534e-001 -1.4721415751883998e-001 -3.3267564308046688e-001  2.7508704544015417e-001 -7.7639258543220652e-002  1.6907024048764743e-001 -2.3285408168949570e-002  1.7100150524700342e-001  7.5841581660135882e-002 -2.6736978630477132e-001 -5.5443487467726232e-002 -4.7569373171413395e-002  3.2969699994184642e-001  2.1053725749280161e-001 -3.7777383259762704e-001 -5.2559041877791715e-002 -1.4106129423320499e-001
 -1.4406331529687488e-001  1.1277664788523536e-001  9.4832797622970269e-002  2.3064702517294905e-001 -2.9843687947656333e-001  1.3405838091417643e-001  1.1057328817639242e-001 -1.6339228647690077e-001  1.3991490173199098e-001 -3.3378591603784930e-001 -4.1178406880651233e-002 -2.4476210846313459e-001  3.0542972018145043e-002 -2.3022290763639508e-001 -5.7873205627634108e-002  9.6519044881259564e-002  7.4884698171987937e-002 -3.8943118725858628e-001 -2.5401787092006572e-001 -8.4031628014451965e-002 -1.2318730364235639e-001  6.0137934934266689e-002 -1.1355579329711955e-001 -6.1225067311620959e-002  1.7042513085697331e-001  3.8972711471238858e-001 -1.1920304891730178e-001  1.9864710428277887e-001  1.1117406705601109e-002 -1.3063262888458993e-002
 -2.5714654679996013e-001 -7.4431324139556818e-002 -2.5179709849957495e-002 -1.8677220187581145e-001 -6.0143815146186885e-002 -4.9244134357252778e-004  2.9277614536106195e-001  1.8279487218209051e-001  3.5591297911422137e-001  8.7280106113343969e-002 -1.2945268193049159e-001  2.6657805394568740e-001 -1.8466960023333970e-001 -1.9402229822284670e-001 -1.8009829193458787e-001  2.7584897991809215e-001  3.2932720965583334e-002  1.2922266784487918e-001  8.4621346084880741e-002 -1.8967871404943387e-001  3.0198892846913067e-001 -1.9841104016348141e-001 -1.2066127951662586e-001 -9.4165620089884911e-002  1.5709192357121843e-001 -4.2729675577466299e-002 -3.1087105352853073e-001 -3.0308578771330488e-002  1.6747515372586258e-001  2.5605739173298621e-002
 -2.1177266429030200e-001  1.7306099849863693e-001  2.6139370026042434e-002  3.1685092749901972e-003 -1.0933982466833640e-001  6.7554797862965893e-002 -7.9802119216399764e-002  2.8259478568843231e-002  2.5501323618856081e-001 -1.7340625868510373e-001 -8.5313546746013089e-002 -1.1556136299202507e-001  1.4686335391454422e-001  1.9580719944536371e-001  1.0497584001576682e-001  1.6140267509476648e-002  1.1472413089121210e-001 -2.0722059061438294e-001  3.4069358333937610e-001 -2.2834055900615424e-001 -8.2019226282835700e-002  2.6125185669743384e-001  2.3067941402620834e-001  1.1592844249134908e-001  6.9390712120547843e-002 -4.7825158419194103e-001 -1.6506390691252174e-001 -8.2768923733876149e-002 -1.7667783621306271e-001  2.2158958479372182e-001
 -3.3373049436953101e-002  3.6996453236683227e-002  9.0787909410411510e-002  2.2858623268370276e-001 -4.3564857546904923e-002  1.2097603445232805e-001  9.7258546608065943e-003 -2.9586525375372091e-001  2.5191488677633300e-001  3.7531595575258203e-001 -7.5203563097945673e-003  5.7675351368000942e-002  6.3525198284718046e-002  4.7915183724376732e-002  1.9596132993731577e-001  1.3662973667602132e-001 -2.9169108596486593e-001 -2.8820640540538284e-003 -1.0264248826594682e-001 -6.6394130610219829e-002  1.0716474855121770e-001 -8.0436430146005447e-002 -1.2297881952492556e-001  4.1166675684821119e-001 -2.5364290071889400e-001  1.3011444777198790e-003 -1.6242036993769249e-001  2.0831865664312006e-002 -3.2327525864138357e-001 -2.5201689002100230e-001
 -2.4821073394248269e-001  2.1525763128963293e-001 -1.3896581905313213e-001  2.7391505135393490e-001 -1.9574012649685421e-001 -1.3356462328106328e-001  1.5302304762860103e-001  2.6661477113082249e-001 -2.0340952130965004e-001 -1.7640287038478197e-001  8.9269802990591424e-002 -4.7277421753023491e-003  2.7364568128297845e-001  7.0168421239693385e-002  9.6624033178073221e-002 -9.6789396676882578e-002 -3.6415003320840397e-002  1.9683891142296622e-001  1.7897971939375745e-001 -1.5782711885992638e-003 -1.7787953120365646e-001 -2.1368820721320794e-001 -3.0597618062565746e-001  9.6780708039553145e-002  6.7534336179314647e-002 -7.0852285094070877e-002 -5.2088467053435880e-002 -1.9534123991359623e-001  1.2721672489793545e-001 -3.8604486656800785e-001
 -2.4356273808145951e-001 -1.8008898407539936e-001 -2.9011172069471658e-001 -1.3968521125961822e-001  1.2687280273805529e-003  1.7925874503812528e-002  2.2121258430455001e-001 -3.0116818421761210e-001  6.8365131244148961e-002 -1.8354350355503959e-001 -1.0918202364733892e-001 -9.4204002075324478e-002  1.8673534959468449e-001  7.4607817727142492e-002  3.0021607880320537e-002  1.4168143992858190e-001 -3.0038417368947601e-001  1.2262855905228984e-001 -7.6825061643137817e-003 -5.5886583718397602e-003  8.3252257349477110e-002  1.7035298109585273e-001  4.9169504692541680e-002  2.7829121632026371e-001 -2.1411721997152813e-002  7.6898877876280552e-002  4.0282051834293292e-001 -9.7166435136095131e-002  3.4830070401350127e-001  1.5321663667845017e-001
 -1.3905098786142639e-001 -1.8116407852117142e-001  1.2942230098378821e-001  2.5897031306936119e-001 -1.2620383438632465e-001  2.6338731337896060e-001 -1.2595748556140804e-001  1.2550149222002896e-001  1.3533111298762129e-001  1.4563888741686570e-005  2.4514014443045212e-001 -2.7734467863827367e-001  8.9716355727646815e-002  2.0660283457172168e-001  7.4472691191961995e-002  1.0154821997502174e-001  1.3829761477238890e-002  4.3730623601746027e-001 -1.8816800334254716e-001  9.3588434618202640e-002  4.1290591979141353e-002 -5.5544156399009656e-002  2.0685631180254002e-001 -2.3800419109758461e-001 -1.9481199094410170e-001  9.4917027581728319e-002 -2.1223206030224295e-001 -1.4287258514506465e-001  1.3458447252071659e-001  2.3418720263908613e-001
 -1.2984120851795553e-001  5.5231459710858660e-002  7.8997596524417388e-002  1.7248624742724281e-001  1.7771936690055423e-001 -2.0140621870529574e-001 -1.3904265861991238e-001 -1.8301777434227079e-001  1.4771955361196584e-001 -2.9682606695067570e-001 -1.6962283422682889e-001  2.5345516238338006e-001  1.7888476994346511e-001 -6.6108102553431428e-002  4.1346522637332933e-002  1.2728998706733835e-001  2.4447782952476516e-002  2.2378927772195067e-001 -8.6370074346093395e-002  2.6229614007837676e-001  1.0274675738558747e-001  2.0440269437626786e-002 -3.2302297728802593e-001 -2.7702679204515590e-001  5.7158312117464541e-002 -7.8729361066997530e-002  1.6590107670212412e-001 -5.4639247050577239e-002 -3.9726657367355095e-001  2.1238075257343458e-001
