               -0.027963                -0.515847                 0.444852                 0.402491                 0.156481                -0.141936                 0.209217                 0.127984                -0.470245                 0.217515 
               -0.162643                -0.421356                 0.305071                 0.058015                 0.061182                 0.437811                 0.108962                -0.394055                 0.529125                -0.238800 
               -0.079221                -0.417914                -0.368632                -0.449446                 0.239513                 0.119853                 0.341645                 0.466285                 0.156456                 0.225452 
               -0.806105                 0.197821                 0.089080                -0.165646                 0.314578                 0.103823                -0.096705                 0.056500                -0.298292                -0.253824 
               -0.257603                 0.047280                 0.038738                 0.492290                -0.030762                -0.130168                -0.300031                 0.556260                 0.511440                 0.093005 
               -0.126964                -0.427479                -0.450913                 0.113100                -0.019776                -0.577189                -0.094834                -0.212376                 0.008898                -0.444200 
               -0.000088                -0.382570                 0.029672                -0.231057                -0.488657                 0.300551                -0.608848                 0.187102                -0.248274                -0.053978 
               -0.440164                -0.008714                 0.132081                -0.211556                -0.544169                -0.330911                 0.193910                -0.236122                 0.140017                 0.474760 
               -0.147407                 0.080712                -0.345850                 0.401372                -0.471555                 0.377379                 0.478519                 0.123049                -0.187934                -0.216393 
               -0.136860                -0.068207                -0.471650                 0.301348                 0.238407                 0.265883                -0.286345                -0.383791                -0.085002                 0.547089 
