           -2.796265e-02            -5.158472e-01             4.448516e-01             4.024914e-01             1.564814e-01            -1.419359e-01             2.092170e-01             1.279845e-01            -4.702453e-01             2.175153e-01 
           -1.626432e-01            -4.213558e-01             3.050706e-01             5.801489e-02             6.118210e-02             4.378113e-01             1.089617e-01            -3.940549e-01             5.291250e-01            -2.388003e-01 
           -7.922114e-02            -4.179137e-01            -3.686317e-01            -4.494457e-01             2.395127e-01             1.198533e-01             3.416451e-01             4.662850e-01             1.564561e-01             2.254523e-01 
           -8.061053e-01             1.978206e-01             8.907977e-02            -1.656455e-01             3.145784e-01             1.038227e-01            -9.670523e-02             5.649982e-02            -2.982920e-01            -2.538241e-01 
           -2.576034e-01             4.727987e-02             3.873817e-02             4.922901e-01            -3.076158e-02            -1.301681e-01            -3.000306e-01             5.562604e-01             5.114402e-01             9.300457e-02 
           -1.269636e-01            -4.274793e-01            -4.509126e-01             1.131003e-01            -1.977615e-02            -5.771886e-01            -9.483385e-02            -2.123764e-01             8.897542e-03            -4.442000e-01 
           -8.845772e-05            -3.825698e-01             2.967238e-02            -2.310572e-01            -4.886568e-01             3.005511e-01            -6.088476e-01             1.871021e-01            -2.482736e-01            -5.397798e-02 
           -4.401644e-01            -8.713613e-03             1.320813e-01            -2.115565e-01            -5.441689e-01            -3.309105e-01             1.939099e-01            -2.361219e-01             1.400175e-01             4.747596e-01 
           -1.474072e-01             8.071163e-02            -3.458495e-01             4.013722e-01            -4.715546e-01             3.773788e-01             4.785191e-01             1.230488e-01            -1.879339e-01            -2.163931e-01 
           -1.368602e-01            -6.820748e-02            -4.716500e-01             3.013481e-01             2.384074e-01             2.658827e-01            -2.863451e-01            -3.837911e-01            -8.500245e-02             5.470890e-01 
