           -1.820660e-01             2.220822e-01            -2.037719e-04            -1.896501e-01            -2.771449e-01            -3.248823e-01            -2.981870e-01            -1.338462e-03            -2.435980e-01            -1.381923e-01            -2.276989e-01            -6.114335e-02            -1.219160e-01             7.185070e-02            -2.480729e-01             4.989877e-02            -3.196691e-01             1.622004e-01             3.757929e-02            -1.112717e-01             1.638685e-01             1.000604e-01             1.921303e-01            -6.202571e-02            -2.624881e-01             1.939155e-01            -1.739831e-01             9.600032e-02            -1.364202e-01            -8.771377e-02 
           -1.948502e-01            -2.631474e-01            -1.310078e-01            -1.679331e-01             1.570157e-01            -1.764081e-01            -1.261812e-01             2.321397e-01             4.562266e-02             1.407484e-01            -1.536162e-01            -2.013063e-01             4.139353e-01            -3.909445e-02            -1.256952e-01            -2.279611e-01             1.820699e-02            -2.131703e-01            -2.074287e-01             3.594061e-01             1.171182e-01             1.629931e-02            -4.496356e-02             2.020760e-01             8.257701e-02             3.376189e-02            -3.302553e-01             7.367485e-03            -4.165937e-02             3.949026e-02 
           -2.098782e-01             7.348027e-02            -2.935065e-02            -1.549761e-01            -1.521946e-01             2.467871e-01             8.954416e-02            -3.391227e-02            -2.295132e-01             2.687130e-01            -6.362956e-02             1.727469e-01             2.748652e-01             8.334048e-02             2.628817e-01            -9.635476e-02             6.374925e-02            -3.103040e-02            -2.431650e-01            -1.302926e-01             2.407605e-01             3.366198e-01            -2.956726e-02            -4.144224e-01             5.470913e-02            -1.093587e-01             6.708568e-02             1.625130e-01             2.708580e-02            -2.028516e-01 
           -2.438480e-01             3.156329e-01             1.929195e-01            -8.737746e-02             3.159613e-01             3.122301e-02             5.539190e-02            -9.205327e-02             9.742533e-02             3.335197e-02             3.474062e-01             2.905041e-01             9.550910e-02            -1.579736e-01            -1.011606e-01            -3.838061e-01            -1.977791e-01             1.351417e-01            -1.288387e-02            -9.780685e-02            -1.934079e-01             1.700940e-01             1.480546e-01             6.414163e-02             1.111973e-01             2.513394e-01            -1.367674e-01            -7.284908e-02             3.886984e-02             1.259457e-01 
           -2.511433e-02            -2.753384e-01             2.490614e-01             2.576337e-01            -7.458522e-02            -3.804870e-02             1.194541e-02            -2.034068e-01            -2.292369e-01             1.683748e-01            -1.831147e-02             2.445965e-01             1.548174e-01            -3.852489e-03            -4.659163e-01             2.274349e-01             1.316998e-01            -7.745290e-02             1.903476e-01             7.698384e-02            -1.789424e-01             3.479858e-01            -7.122699e-02             3.251384e-03            -1.278040e-01            -5.502565e-02            -1.264734e-01            -1.260831e-01             1.897164e-01            -4.273171e-02 
           -1.525899e-01            -8.045478e-02            -1.110399e-01             3.256111e-01            -6.940589e-02            -2.381228e-01            -2.221990e-01             2.301827e-01             2.097790e-01             2.229607e-01             2.710688e-01            -9.849611e-03             1.063559e-01            -2.093319e-01            -6.453609e-02            -3.999400e-02             6.454876e-02            -2.239958e-02             2.460726e-01            -1.425729e-01             2.049767e-01             6.816797e-02             5.537352e-02             4.692541e-03            -4.143047e-02             8.509736e-02             3.768911e-01             4.138399e-01             2.361102e-02             4.124952e-02 
           -1.656593e-01             6.582482e-02            -4.583297e-02             5.311746e-02            -2.046461e-01             1.401489e-02            -1.690079e-01            -3.818648e-02            -1.926783e-01            -1.101688e-01             2.974981e-01             3.928506e-01            -1.176090e-01             2.876803e-01            -6.549004e-02             1.144570e-01             2.066549e-01            -1.569917e-01            -2.686524e-01             1.516844e-01             2.631858e-01            -1.816764e-01             1.947311e-01             3.303175e-01             2.468916e-01            -2.104750e-02             5.919175e-02            -4.099338e-02            -1.544051e-02             8.040440e-02 
           -2.131199e-01            -1.908140e-01            -2.176498e-01             2.406191e-02             3.033767e-01             6.237125e-02            -3.462330e-01            -1.180269e-01            -6.363611e-03            -2.388362e-02            -3.460275e-02             2.293480e-02            -2.273683e-01             3.556819e-01             2.971936e-02             5.029297e-02            -1.119370e-02             9.245845e-02            -2.307444e-02            -2.066852e-01            -3.017461e-01             1.935238e-02            -2.789563e-01            -1.135953e-02             1.866228e-01             2.705835e-03            -1.850518e-01             3.801216e-01             1.285009e-01            -7.177033e-02 
           -1.624957e-01             1.025693e-01             2.657381e-01            -2.517453e-01            -9.010422e-02             2.138732e-01             6.917448e-02            -2.164322e-01            -2.683221e-01             3.782808e-02             5.105648e-02            -1.973999e-01             3.564873e-02            -9.200547e-02             3.294110e-02            -6.116683e-02             2.397266e-01             1.995431e-01             3.349060e-01             1.933546e-01             1.190389e-01            -1.809326e-01            -2.459932e-01             2.077803e-01            -6.624018e-02            -5.783974e-03            -3.858564e-02             3.645380e-01            -1.052410e-02             2.401976e-01 
           -7.686472e-02            -2.679184e-01             1.331495e-01             6.843407e-02            -1.604111e-01            -1.485351e-01             2.786165e-01            -1.958037e-01             9.857643e-02            -5.179413e-02            -1.905343e-01             9.711531e-02             8.299624e-02             1.578459e-01            -2.098137e-01            -4.267602e-01             7.448305e-02             1.056130e-01            -1.688932e-01            -1.588405e-01            -1.800725e-01            -3.616849e-01             2.527047e-01            -6.591777e-02            -6.954278e-02            -1.847525e-01             1.012552e-01             2.405593e-01            -9.956768e-02            -3.384844e-02 
           -1.934062e-02             2.689088e-04             3.989842e-01             4.359417e-02             7.724821e-02            -2.212396e-02            -2.048885e-01             1.512416e-01            -1.480651e-01             1.611627e-01            -3.572925e-01             1.017145e-01             2.492494e-01             1.062758e-01             2.159268e-01             1.213104e-01            -1.197146e-01            -1.746258e-01             6.795368e-02            -2.861028e-01            -4.523942e-02            -3.292334e-01             2.036785e-02             1.004660e-02             1.322292e-01             2.461825e-01             1.378691e-01            -1.221613e-01             1.684509e-01             2.528112e-01 
           -1.109826e-01             2.909766e-02             2.202792e-01            -1.675456e-01            -1.609160e-01             1.678259e-01            -4.322510e-01            -1.044905e-01             2.494591e-01             3.805396e-02            -1.088628e-01            -2.455814e-02            -2.980368e-02            -2.712285e-01            -2.774791e-02             2.017511e-02            -7.668282e-02             1.009727e-01             7.144880e-03             2.994304e-01            -1.716828e-01            -9.079073e-02             1.691738e-01            -1.846808e-02             2.367046e-01            -2.094397e-01             1.892299e-01            -4.159685e-02             2.101963e-01            -3.906172e-01 
           -1.166598e-01            -9.866888e-02            -1.311561e-01            -3.377084e-02            -3.068456e-01            -3.059739e-01             2.266699e-02            -2.070108e-01             6.800803e-02             1.599375e-01             1.052095e-01             1.799868e-01            -1.773804e-01             1.147938e-02             4.189817e-01            -1.052364e-01            -1.397843e-01            -2.462024e-01             2.007733e-01             3.182487e-01            -1.948153e-01            -7.435908e-02            -9.267423e-03            -2.411580e-01            -1.006565e-01             6.028905e-02            -1.729230e-01            -3.284953e-02             1.515620e-01             2.099857e-01 
           -2.562433e-01            -1.198736e-01             1.641458e-01            -1.518908e-02             3.270849e-01             1.461493e-01             1.659342e-01             2.215997e-01             3.162356e-02            -2.943165e-01            -6.456389e-02             1.750766e-01            -5.814845e-02             1.086965e-01             1.762345e-01             1.332422e-01             6.948193e-02            -1.893715e-01             1.923733e-01             2.484578e-01             9.860551e-03            -1.961296e-03             2.655386e-01            -2.301329e-02            -3.520345e-01             1.824088e-01             4.753382e-02             1.706162e-01            -4.439418e-02            -3.166208e-01 
           -1.805591e-01             1.720423e-01            -8.560645e-02             3.351792e-01             2.416729e-01            -1.933820e-01            -1.720939e-02            -2.204969e-01            -1.259922e-01             1.043985e-01            -3.270353e-01            -1.170560e-01            -2.337186e-01            -2.398884e-01             2.106669e-01            -1.131228e-01             4.034193e-01             1.215445e-01            -1.027346e-01            -3.327383e-02             1.493037e-01             5.140367e-02             2.184719e-01             1.071235e-01            -4.910008e-02            -2.591825e-02            -1.002299e-01            -1.349866e-01             2.256171e-01            -3.254599e-02 
           -1.865977e-01             1.954411e-01             2.679749e-01             2.036379e-01             3.270078e-02            -6.898902e-02             2.832091e-01             2.611383e-01            -3.094709e-02             2.274267e-01            -1.267183e-01            -1.908393e-01            -3.615179e-01             2.228765e-01            -1.166596e-01             8.157371e-04            -2.930834e-01            -4.238809e-02            -1.437030e-01             2.868055e-01            -4.050019e-02             1.759838e-01            -8.135844e-02             1.822717e-02             1.829064e-01            -1.803473e-01             1.778962e-01             1.211016e-01             2.026979e-02             1.321765e-01 
           -2.578211e-01            -1.454758e-01            -2.176543e-01             1.878636e-01             1.668191e-01             2.925546e-01            -9.822040e-03            -1.800879e-01            -2.815102e-01             7.232257e-02             6.221311e-02            -1.654802e-01            -8.957575e-02            -1.429275e-01            -1.923090e-01            -6.108570e-02            -2.702296e-01            -2.066651e-01             2.456683e-01            -1.566202e-02             1.494162e-01            -2.732685e-01             1.291713e-01            -2.592946e-01             1.733827e-01            -5.374351e-02             1.885742e-02            -2.017352e-01            -2.599479e-01            -5.195068e-03 
           -1.774984e-01             7.728652e-02             2.233128e-01            -1.536290e-01             2.055298e-01            -2.257883e-01            -8.211591e-02            -1.137003e-01             1.163370e-03            -8.822804e-02             3.360007e-01            -1.915055e-01            -1.581537e-03            -3.166886e-02            -6.298614e-02             7.323443e-02            -2.840798e-02            -2.966192e-01            -2.463290e-01            -1.811860e-01             1.008549e-01            -1.812983e-01            -2.171390e-01            -1.268386e-01            -3.618561e-01            -3.447573e-01             6.419564e-02            -9.214738e-02             2.359069e-01            -4.276029e-02 
           -2.588434e-01            -1.977201e-01            -8.108814e-02            -4.327955e-02            -1.816756e-01             2.600383e-01            -1.361847e-01             2.970928e-01            -1.232611e-01            -2.533066e-02            -1.137622e-01             1.763254e-01            -2.412919e-01            -3.294817e-01             4.310912e-02            -1.558951e-01             2.401851e-02            -5.343394e-03            -2.020792e-01            -1.244771e-01            -2.531181e-01             8.161847e-02            -1.919196e-01             1.877323e-01            -3.218870e-01            -7.815334e-02             1.498823e-01            -1.553341e-01            -1.540943e-01             2.131022e-01 
           -1.596819e-02            -4.977936e-01             3.795282e-01            -3.175714e-02            -4.521265e-02            -2.373121e-01             3.832679e-02            -2.328208e-03            -1.393089e-01            -1.972446e-01             1.782885e-01            -1.091066e-01            -1.622406e-01            -1.110825e-01             3.036508e-01            -9.125782e-02            -9.855432e-02             1.110264e-01             3.947153e-02            -1.726699e-01             1.879557e-01             2.269609e-01            -2.092514e-02             1.158782e-01             3.102696e-01            -1.068521e-02            -6.665672e-02            -8.990504e-02            -1.378100e-01            -1.544292e-01 
           -2.609030e-01             1.027578e-03            -5.335581e-02            -2.658062e-01             2.241510e-02            -2.408090e-01             1.422777e-01            -1.608792e-02            -5.190607e-02             2.917446e-01             1.422638e-01            -1.938902e-01             3.897400e-02            -8.836795e-03             2.065893e-02             4.058196e-01             2.768372e-01             9.558859e-02            -8.737587e-02            -5.754337e-02            -3.912193e-01            -4.072279e-02             1.564780e-01            -3.063743e-02             1.008604e-01             1.463400e-01             1.533711e-01            -1.114367e-01            -3.452849e-01            -5.893468e-02 
           -1.167671e-01            -9.402736e-03             7.652789e-02            -1.050423e-01            -8.326299e-02             4.310076e-02            -8.533592e-02            -7.501227e-02             2.772951e-01             1.004693e-01            -5.791849e-02            -1.088545e-01            -1.801269e-01             3.737130e-01            -1.472142e-01            -3.326756e-01             2.750870e-01            -7.763926e-02             1.690702e-01            -2.328541e-02             1.710015e-01             7.584158e-02            -2.673698e-01            -5.544349e-02            -4.756937e-02             3.296970e-01             2.105373e-01            -3.777738e-01            -5.255904e-02            -1.410613e-01 
           -1.440633e-01             1.127766e-01             9.483280e-02             2.306470e-01            -2.984369e-01             1.340584e-01             1.105733e-01            -1.633923e-01             1.399149e-01            -3.337859e-01            -4.117841e-02            -2.447621e-01             3.054297e-02            -2.302229e-01            -5.787321e-02             9.651904e-02             7.488470e-02            -3.894312e-01            -2.540179e-01            -8.403163e-02            -1.231873e-01             6.013793e-02            -1.135558e-01            -6.122507e-02             1.704251e-01             3.897271e-01            -1.192030e-01             1.986471e-01             1.111741e-02            -1.306326e-02 
           -2.571465e-01            -7.443132e-02            -2.517971e-02            -1.867722e-01            -6.014382e-02            -4.924413e-04             2.927761e-01             1.827949e-01             3.559130e-01             8.728011e-02            -1.294527e-01             2.665781e-01            -1.846696e-01            -1.940223e-01            -1.800983e-01             2.758490e-01             3.293272e-02             1.292227e-01             8.462135e-02            -1.896787e-01             3.019889e-01            -1.984110e-01            -1.206613e-01            -9.416562e-02             1.570919e-01            -4.272968e-02            -3.108711e-01            -3.030858e-02             1.674752e-01             2.560574e-02 
           -2.117727e-01             1.730610e-01             2.613937e-02             3.168509e-03            -1.093398e-01             6.755480e-02            -7.980212e-02             2.825948e-02             2.550132e-01            -1.734063e-01            -8.531355e-02            -1.155614e-01             1.468634e-01             1.958072e-01             1.049758e-01             1.614027e-02             1.147241e-01            -2.072206e-01             3.406936e-01            -2.283406e-01            -8.201923e-02             2.612519e-01             2.306794e-01             1.159284e-01             6.939071e-02            -4.782516e-01            -1.650639e-01            -8.276892e-02            -1.766778e-01             2.215896e-01 
           -3.337305e-02             3.699645e-02             9.078791e-02             2.285862e-01            -4.356486e-02             1.209760e-01             9.725855e-03            -2.958653e-01             2.519149e-01             3.753160e-01            -7.520356e-03             5.767535e-02             6.352520e-02             4.791518e-02             1.959613e-01             1.366297e-01            -2.916911e-01            -2.882064e-03            -1.026425e-01            -6.639413e-02             1.071647e-01            -8.043643e-02            -1.229788e-01             4.116668e-01            -2.536429e-01             1.301144e-03            -1.624204e-01             2.083187e-02            -3.232753e-01            -2.520169e-01 
           -2.482107e-01             2.152576e-01            -1.389658e-01             2.739151e-01            -1.957401e-01            -1.335646e-01             1.530230e-01             2.666148e-01            -2.034095e-01            -1.764029e-01             8.926980e-02            -4.727742e-03             2.736457e-01             7.016842e-02             9.662403e-02            -9.678940e-02            -3.641500e-02             1.968389e-01             1.789797e-01            -1.578271e-03            -1.778795e-01            -2.136882e-01            -3.059762e-01             9.678071e-02             6.753434e-02            -7.085229e-02            -5.208847e-02            -1.953412e-01             1.272167e-01            -3.860449e-01 
           -2.435627e-01            -1.800890e-01            -2.901117e-01            -1.396852e-01             1.268728e-03             1.792587e-02             2.212126e-01            -3.011682e-01             6.836513e-02            -1.835435e-01            -1.091820e-01            -9.420400e-02             1.867353e-01             7.460782e-02             3.002161e-02             1.416814e-01            -3.003842e-01             1.226286e-01            -7.682506e-03            -5.588658e-03             8.325226e-02             1.703530e-01             4.916950e-02             2.782912e-01            -2.141172e-02             7.689888e-02             4.028205e-01            -9.716644e-02             3.483007e-01             1.532166e-01 
           -1.390510e-01            -1.811641e-01             1.294223e-01             2.589703e-01            -1.262038e-01             2.633873e-01            -1.259575e-01             1.255015e-01             1.353311e-01             1.456389e-05             2.451401e-01            -2.773447e-01             8.971636e-02             2.066028e-01             7.447269e-02             1.015482e-01             1.382976e-02             4.373062e-01            -1.881680e-01             9.358843e-02             4.129059e-02            -5.554416e-02             2.068563e-01            -2.380042e-01            -1.948120e-01             9.491703e-02            -2.122321e-01            -1.428726e-01             1.345845e-01             2.341872e-01 
           -1.298412e-01             5.523146e-02             7.899760e-02             1.724862e-01             1.777194e-01            -2.014062e-01            -1.390427e-01            -1.830178e-01             1.477196e-01            -2.968261e-01            -1.696228e-01             2.534552e-01             1.788848e-01            -6.610810e-02             4.134652e-02             1.272900e-01             2.444778e-02             2.237893e-01            -8.637007e-02             2.622961e-01             1.027468e-01             2.044027e-02            -3.230230e-01            -2.770268e-01             5.715831e-02            -7.872936e-02             1.659011e-01            -5.463925e-02            -3.972666e-01             2.123808e-01 
