           -2.275459e-01            -1.135879e-01            -1.215536e-01            -2.806331e-01            -6.083014e-02             7.853265e-02             2.557256e-01             3.278855e-01            -1.698826e-01             1.901101e-01            -4.949221e-02             6.808868e-02             8.742623e-02             1.185710e-01            -2.289655e-01            -2.073217e-01             1.355572e-01            -2.508103e-01            -2.472582e-01            -1.378750e-01             1.075685e-01            -1.883598e-01            -9.691199e-02            -2.790567e-03            -3.643984e-01             2.001531e-01             8.756116e-02             1.869507e-01            -7.868486e-02             1.740310e-01 
           -1.006120e-01            -2.871804e-01             1.744241e-01            -6.686956e-03            -2.029437e-01             2.452108e-01            -8.945369e-02            -1.699105e-01            -2.254347e-01             2.229146e-01             1.346681e-01            -2.176063e-01             7.917521e-02             2.907439e-02            -2.773599e-01             2.509125e-02             9.891181e-02             6.233761e-02             2.765350e-01             2.229322e-01            -2.879497e-01             2.127303e-01            -1.515705e-01            -2.721162e-01            -9.001785e-02            -1.970767e-02             3.281205e-01            -7.522259e-02             3.473858e-02            -5.337355e-03 
           -1.221923e-01            -2.217183e-01            -1.906291e-02             2.507681e-01            -3.541503e-02             4.618814e-02            -2.625294e-02             7.831093e-02             1.972019e-01            -1.439585e-01             2.350073e-01             3.272677e-01            -9.625588e-02            -1.322020e-01             1.974987e-01             1.670677e-02             4.067711e-01             2.310070e-01            -3.722586e-02            -1.400271e-01            -2.493790e-02             2.336022e-01             2.560371e-01            -2.733250e-01            -2.751051e-01             1.528914e-01            -2.757194e-02             1.931055e-01            -1.606360e-02            -4.289147e-02 
           -1.911952e-01            -3.331847e-04             2.624040e-02            -1.059970e-01            -1.710323e-01             2.147666e-01            -2.613028e-02            -3.021700e-01             2.032444e-01            -2.184091e-01            -1.002842e-01             6.965182e-02             3.447031e-01             3.871870e-02             9.204792e-02            -8.190028e-02            -1.546813e-03            -1.174038e-01            -2.137813e-01             3.708605e-01             1.717450e-01            -2.625755e-03            -3.660849e-02            -2.116109e-01             1.811215e-01             6.273989e-02            -1.493363e-01             2.142298e-01             3.285290e-01             2.433480e-01 
           -1.818313e-01             2.115371e-01             6.539292e-02             2.166927e-01             6.811203e-02            -3.582453e-01            -2.036527e-02            -4.561041e-02            -1.804606e-01             2.972000e-01             1.143479e-01             3.356151e-01            -8.835069e-02             3.318514e-01             1.579942e-01             9.376209e-02            -1.893614e-01            -1.720722e-01            -2.762161e-02             2.411903e-01             5.271560e-02             2.610651e-01            -2.046261e-01            -6.448789e-02            -8.732161e-02            -9.416127e-02             5.553895e-02             2.683539e-01             1.214006e-02            -6.393897e-02 
           -1.573638e-01             4.017820e-02            -1.871867e-01            -1.711149e-01            -2.591291e-01            -1.375023e-01             1.118332e-01             1.199339e-01             1.981540e-01            -3.853165e-02            -2.553575e-01            -1.773971e-01            -3.246654e-01            -1.859504e-01             3.533124e-01            -2.454409e-02            -1.351052e-01            -1.544498e-01            -2.294378e-02             3.210982e-01            -1.811902e-01             2.256689e-02            -2.098952e-03            -2.793868e-01            -8.612854e-02             1.331541e-01             9.631858e-02            -1.721461e-01            -2.414855e-01            -1.183189e-01 
           -9.687871e-02            -3.536613e-01             1.802058e-01             1.209261e-01             8.041542e-02            -1.386699e-01            -4.004180e-02            -2.222024e-02             1.735723e-01             3.174193e-01            -8.777044e-02             3.498807e-01            -1.048262e-01            -4.049527e-01            -4.246261e-02             5.478171e-02             1.322121e-01            -2.013750e-01            -1.375345e-01             9.843651e-02            -8.533326e-03            -2.958202e-01            -7.238144e-02             1.283886e-01             2.346536e-01            -9.544599e-02             2.012599e-01            -1.731923e-01             1.339317e-01             3.622863e-02 
           -1.993953e-01             1.183822e-01            -9.572147e-02            -1.445685e-01            -4.588812e-02             1.398871e-01             1.480646e-02            -2.841974e-01             2.384033e-01             1.527440e-01             3.192472e-01            -4.812225e-02             1.603336e-01             1.675407e-01             1.173488e-01             1.083220e-01             2.308324e-01            -2.474395e-01            -1.865008e-01            -1.795166e-01            -1.262059e-01             1.462369e-01            -7.317812e-03             2.682732e-01             2.448105e-01             1.711301e-01             9.745327e-02            -1.181059e-01            -3.020237e-01            -2.346966e-01 
           -3.013173e-01             1.102335e-01            -4.065165e-02             1.973000e-01             3.329704e-01             1.652276e-01             2.254165e-01             8.950804e-02            -1.955766e-01            -1.570174e-01             1.091817e-01            -9.347175e-02             1.759014e-01            -2.710958e-01             4.415732e-02             5.714335e-02             4.031589e-02             3.404728e-01            -1.043527e-01             3.131900e-01             1.670249e-01            -1.391625e-01            -2.635183e-01             5.467934e-02             5.040510e-02            -1.431190e-02             1.055343e-01             2.445722e-02            -2.891245e-01            -1.482473e-01 
           -2.808146e-01             7.789018e-02             2.250000e-01            -4.574413e-02             3.957531e-01            -2.117963e-01             2.815510e-02             8.361410e-02             1.773324e-01            -1.359893e-01            -1.877259e-01            -1.641840e-01            -1.685964e-01             2.136037e-01            -2.099017e-01             1.060209e-01             1.235302e-01             6.467000e-02             1.515081e-01             8.285719e-02            -1.085911e-01             6.837336e-02             1.739379e-01             8.207602e-02             1.574302e-01             4.455719e-01             1.813718e-01             6.497806e-02             1.471423e-01             1.637122e-01 
           -2.342546e-01             9.572266e-02            -1.204956e-01            -3.053462e-01             1.342746e-01             3.894360e-03            -3.048440e-01            -1.726716e-01             3.890392e-02            -1.999343e-01            -3.373019e-02             1.660553e-01            -2.455705e-02            -4.097521e-01            -8.134513e-02            -1.131413e-01            -3.180230e-01             8.581343e-03             6.609723e-02            -2.886499e-01            -9.379221e-02             2.269794e-01            -1.704546e-01             9.904897e-02            -1.245760e-01            -5.879148e-02             2.649646e-01             2.249724e-01             3.539960e-02             1.302205e-02 
           -2.740149e-01             9.473796e-03             2.093305e-01             6.391514e-02            -8.975470e-02             1.975225e-01            -1.434282e-01             2.407979e-01             3.344288e-01            -1.118400e-01             5.305772e-02             4.065571e-02            -7.698132e-02             2.655516e-01             7.513067e-02             3.409708e-02            -9.947818e-02             1.472735e-01            -4.486646e-02            -4.359385e-02            -1.097295e-01            -5.085991e-02            -4.009839e-01             2.041098e-01            -2.953601e-01            -1.284576e-01            -1.363328e-01            -3.552993e-01             1.928778e-01             2.975708e-02 
           -2.877830e-01             1.234229e-01             3.720374e-01            -1.344106e-01            -9.660385e-03            -1.355756e-01             1.988005e-01            -1.827368e-01            -2.120633e-01             1.011010e-01             1.734891e-01            -1.620743e-01             7.042530e-02            -3.151593e-01             1.695013e-01             2.321267e-01            -3.643577e-02            -1.117584e-01             8.061331e-02            -1.086374e-01             4.100558e-02             3.078521e-02             2.351706e-01             2.792795e-02            -2.539280e-01            -4.675836e-02            -3.107701e-01            -1.810784e-01             4.228683e-02             2.587857e-01 
           -1.492262e-01            -4.849082e-02             1.537242e-01             3.449249e-01            -2.300012e-01            -4.370140e-02            -1.573286e-01             1.959424e-01             1.152397e-02            -1.805503e-01            -3.122826e-01            -1.711245e-01             3.222708e-01            -7.237838e-02            -9.223640e-02             3.342452e-01            -3.662087e-02            -3.357115e-01             7.493298e-02            -1.866870e-01             9.187478e-02            -2.366754e-02             2.460007e-02             1.094343e-03            -5.288992e-02             1.368856e-02             3.264659e-02             1.896116e-01            -4.975242e-02            -3.454909e-01 
           -1.968038e-02            -4.021776e-01            -3.386961e-02            -2.041563e-01             1.125096e-01            -3.154819e-01            -2.182578e-01             6.934577e-03            -1.865947e-01            -5.745340e-02            -1.797808e-02            -2.822395e-01            -3.712550e-02             8.521265e-02             1.046152e-01             2.511251e-01             6.919277e-02             1.685128e-01            -4.706535e-01            -1.659168e-01            -1.965144e-02             1.071299e-01            -2.496006e-01            -1.788891e-01             1.430280e-01            -5.430951e-02            -1.457118e-01             2.868152e-02             1.546821e-02             1.806021e-02 
           -3.433329e-02            -1.047769e-02            -2.491927e-01             2.445063e-01            -2.960538e-01            -5.244716e-02            -2.073970e-01            -1.323500e-01            -1.461721e-01            -3.207541e-03             2.726904e-01            -1.256207e-01            -2.204549e-01            -1.108553e-01            -1.926471e-01             1.022233e-01            -2.088810e-01             8.512640e-02            -2.402523e-01             1.871494e-01            -3.370920e-02            -1.755785e-01             1.230496e-01             3.163794e-01            -1.371834e-01             3.940045e-01            -4.768130e-02             5.735565e-02             1.880338e-01            -1.138764e-02 
           -2.159374e-01             1.100688e-02            -1.352192e-01             1.115974e-01            -1.854878e-02             1.022950e-01            -2.320558e-01             2.224182e-01            -7.326635e-03             7.026469e-02             2.484601e-01            -2.059685e-01            -1.963977e-01             2.532120e-03             3.801124e-02            -1.196852e-01            -5.964839e-02            -1.487242e-01             1.129969e-01            -1.319351e-01             6.091196e-01             1.263528e-01             7.179372e-02            -1.861643e-01             2.462721e-01            -4.318177e-02             1.652024e-01            -2.025714e-01             6.366372e-02             1.653467e-01 
           -1.097079e-01             4.966934e-02            -3.002396e-01             2.635827e-01             6.704014e-02            -1.206292e-01            -5.851310e-02             1.008742e-01            -1.822071e-01            -2.679209e-01             4.571306e-02            -3.072074e-02             2.144993e-01             8.967624e-02             1.244848e-01            -6.465009e-02             1.003231e-01            -1.946056e-01            -1.079184e-01             1.099416e-02            -4.129117e-01            -3.945033e-02             2.009351e-01             6.050403e-02             2.974770e-03            -3.028144e-01             2.529401e-01            -1.713791e-01             3.753174e-02             3.863095e-01 
           -1.688539e-01            -1.913592e-01            -1.145812e-01             7.779112e-02             3.169450e-01             2.630028e-01            -1.619271e-01            -2.983260e-01            -2.017916e-02             2.302674e-01            -1.914673e-01            -2.221025e-02             1.500114e-02             2.530927e-01             2.777809e-01             5.619279e-02            -2.762438e-01             7.698855e-02             4.695271e-02            -1.447181e-01            -4.868899e-04            -3.923904e-01             2.505151e-01            -1.638822e-01            -1.819294e-01             4.349471e-02             6.179907e-02             9.085321e-03            -4.666854e-02            -7.497374e-02 
           -1.746798e-01             5.552565e-02            -3.091857e-01             1.166832e-01            -1.145894e-01             7.655277e-02             3.379799e-01            -4.312322e-02            -3.532642e-02             1.308568e-01            -4.855094e-02            -1.501767e-01            -1.999664e-01            -5.841277e-02             1.754074e-01             1.070962e-01             1.684750e-01             4.051344e-02             2.825379e-01            -2.739361e-01            -1.602032e-01            -1.177611e-01            -2.892912e-01             2.334189e-02             2.198688e-01            -5.814513e-02            -1.019460e-01             2.853906e-01             3.749225e-01             2.006859e-02 
           -8.242866e-02            -3.731534e-01            -6.392998e-02            -1.309347e-01            -9.190145e-02            -8.372529e-02             8.402863e-02             2.290339e-01             2.659272e-01             1.910569e-01             8.599373e-02            -1.765420e-01             1.823288e-01             3.300235e-02             1.311963e-01            -3.198798e-03            -2.047880e-01             2.008965e-01             1.480845e-01             1.893928e-01             4.215596e-02             1.469183e-01             2.501226e-01             3.971915e-01             2.836455e-02            -2.471367e-01             2.364012e-02             3.169487e-01            -7.966755e-02             8.600171e-02 
           -8.809322e-02             8.999468e-02            -3.282803e-01             5.764859e-02            -1.422394e-01            -2.167559e-01            -2.207089e-01            -2.170542e-01             1.120798e-01             1.794528e-01            -3.259415e-01             7.527905e-02             1.361282e-01             5.170619e-03            -1.648859e-01             1.513435e-01             2.769450e-01             2.252865e-01             2.169581e-01             3.028898e-02             2.029171e-01             2.500325e-02            -1.428927e-01             7.047832e-02            -1.383973e-01             1.565315e-02            -1.264674e-01            -1.460783e-01            -2.918483e-01             3.164732e-01 
           -1.783565e-01            -1.112764e-01             2.746249e-01             3.234211e-01            -1.528082e-01             1.376544e-01             4.144481e-02            -1.390888e-01            -7.744358e-02            -3.810601e-02            -1.893048e-01            -2.982740e-02            -2.745787e-01             3.363129e-02            -8.612111e-02            -3.630667e-01            -1.302713e-01             1.240186e-02            -1.380546e-01            -1.575305e-01            -1.262850e-01             1.027654e-01            -1.556155e-02             7.696597e-02             2.323099e-01            -3.026954e-02            -2.154975e-01             1.550731e-01            -4.193893e-01             2.399109e-01 
           -1.245654e-01            -1.308501e-01             3.965597e-02            -1.230527e-01            -2.147478e-01            -2.867931e-01             2.011825e-01            -1.941533e-01             1.131334e-01            -3.793438e-01             3.135100e-01             1.363704e-01            -1.021122e-01             2.061751e-01            -2.128962e-01             1.322662e-01            -1.155084e-01             3.713175e-02             1.823152e-01            -7.696673e-02             9.209356e-02            -4.122043e-01            -1.661277e-02            -1.737194e-01             6.043294e-02            -1.712824e-01             1.332449e-01             4.462498e-02            -1.982490e-01            -1.934173e-04 
           -9.369312e-02            -2.265610e-03             5.052459e-02             1.053779e-02             1.501531e-01            -2.728883e-01            -2.691149e-01            -1.390110e-01             6.707106e-02            -1.834458e-02             1.221526e-01            -3.078849e-01            -1.742003e-02            -2.527020e-02             2.275494e-02            -5.337967e-01             3.244179e-01            -1.594893e-01             1.415552e-01             1.288701e-01             4.980964e-04            -2.123400e-01            -5.928759e-02             5.004379e-02            -1.820397e-01            -1.402432e-01            -1.942183e-01             1.334119e-01             4.550886e-02            -2.645929e-01 
           -2.636850e-01             2.752520e-01            -5.669714e-02             9.864042e-03            -9.047273e-02            -1.677145e-01            -2.433357e-02             1.851487e-01             1.388316e-01             3.054790e-01             4.665717e-02             2.837686e-02             2.422017e-01            -6.418714e-02            -2.975394e-01            -1.565765e-01            -1.617014e-01             3.021157e-01            -1.606825e-01            -1.240589e-01            -2.258890e-01            -7.186775e-02             2.063591e-01            -3.347338e-01             2.069747e-01            -7.538177e-02            -1.570140e-01            -7.980057e-02             8.932477e-02            -1.784210e-01 
           -2.800293e-01            -2.680108e-02            -2.361531e-02            -3.233502e-01            -1.319093e-01             1.558003e-01            -2.755539e-01             1.874899e-01            -4.305260e-01            -1.179086e-01            -9.976686e-02             3.219748e-01            -1.323561e-01             9.599416e-02             5.651724e-02             6.606676e-02             1.795988e-01             3.596671e-02             1.839933e-01             1.565083e-01            -5.591975e-02            -6.974333e-02             2.043198e-01             1.573896e-01             2.384348e-01            -6.396683e-02            -2.228445e-01            -3.083198e-02            -1.514264e-02            -1.940059e-01 
           -6.046160e-02            -3.014917e-01            -4.933424e-02             8.007037e-02            -7.773733e-02            -2.713139e-01             1.839174e-01            -5.385039e-02            -1.887034e-01            -1.007952e-01            -3.723843e-02             1.521721e-01             3.285998e-01             4.025118e-02             2.022565e-01            -3.479173e-01            -1.785630e-01             8.069028e-02             2.099330e-01            -1.304328e-01             5.417313e-02             1.233957e-01            -1.176642e-01             8.947630e-02             8.684989e-02             3.980963e-01            -1.049224e-02            -3.220123e-01             1.137669e-01            -1.268759e-01 
           -1.659884e-01            -2.462544e-02            -7.528957e-02             1.447991e-02            -6.265011e-02            -1.884021e-02             3.055094e-01            -2.784454e-01            -5.084142e-02            -7.393640e-02            -2.930321e-01            -4.227986e-02            -1.829488e-01             1.028636e-01            -1.806059e-01            -6.987329e-02             1.088419e-01             1.108080e-01            -2.509683e-01            -8.449544e-03             2.288207e-01             2.479290e-01             2.309167e-01             1.476791e-01            -1.519251e-01            -3.281180e-01             1.783032e-01            -1.790888e-01             2.317133e-01            -2.985252e-01 
           -7.666442e-02            -2.756341e-01            -3.412734e-01             7.270605e-02             3.502921e-01             9.782073e-02             1.365996e-01            -9.847279e-04             1.126222e-01            -7.729249e-02             8.890972e-02             6.603538e-02            -5.551209e-02            -3.557741e-02            -3.556062e-01             1.121629e-01            -1.668701e-01            -3.333434e-01             1.192838e-01             1.302229e-01            -8.716626e-02             2.128740e-01            -1.385275e-02            -8.958174e-02            -2.864032e-02            -4.464243e-02            -4.637927e-01            -1.242436e-01            -3.746264e-02            -7.153085e-02 
