               -0.326162                -0.171698                 0.357834                -0.482081                -0.359776                 0.285822                 0.107751                 0.316563                -0.407374                -0.121580 
               -0.236681                -0.516728                 0.321871                 0.596975                 0.002613                -0.389883                 0.085762                 0.168179                -0.096734                -0.141360 
               -0.167516                 0.049459                 0.011659                 0.023570                 0.829338                 0.278680                 0.129357                -0.029583                -0.358819                -0.238700 
               -0.144691                -0.568244                -0.570166                -0.151713                -0.105928                 0.035586                 0.286427                -0.446201                -0.120021                 0.005422 
               -0.214687                -0.140221                -0.464905                 0.092481                 0.095933                 0.244095                -0.012476                 0.719818                 0.304056                 0.173289 
               -0.431091                 0.404932                -0.095905                 0.174951                -0.227805                 0.069795                 0.355045                -0.114724                 0.306991                -0.565824 
               -0.144308                -0.001881                -0.128411                -0.529033                 0.223572                -0.710823                -0.128213                 0.168346                 0.109695                -0.265972 
               -0.411381                -0.136851                 0.401330                -0.203637                 0.228198                 0.080947                 0.114681                -0.251486                 0.545000                 0.421254 
               -0.434189                 0.417376                -0.173697                 0.132923                -0.064416                -0.297694                 0.132858                -0.015190                -0.428858                 0.543016 
               -0.422012                -0.039983                -0.100344                 0.097332                -0.065011                 0.149905                -0.841907                -0.220040                -0.043143                -0.122399 
