           -3.261617e-01            -1.716982e-01             3.578339e-01            -4.820811e-01            -3.597758e-01             2.858219e-01             1.077514e-01             3.165633e-01            -4.073744e-01            -1.215795e-01 
           -2.366809e-01            -5.167280e-01             3.218709e-01             5.969748e-01             2.612766e-03            -3.898827e-01             8.576215e-02             1.681787e-01            -9.673363e-02            -1.413597e-01 
           -1.675159e-01             4.945857e-02             1.165907e-02             2.357003e-02             8.293379e-01             2.786801e-01             1.293567e-01            -2.958282e-02            -3.588188e-01            -2.386997e-01 
           -1.446914e-01            -5.682439e-01            -5.701661e-01            -1.517128e-01            -1.059276e-01             3.558626e-02             2.864270e-01            -4.462009e-01            -1.200207e-01             5.422462e-03 
           -2.146870e-01            -1.402214e-01            -4.649050e-01             9.248123e-02             9.593319e-02             2.440948e-01            -1.247615e-02             7.198178e-01             3.040561e-01             1.732889e-01 
           -4.310909e-01             4.049319e-01            -9.590480e-02             1.749508e-01            -2.278047e-01             6.979538e-02             3.550451e-01            -1.147239e-01             3.069911e-01            -5.658239e-01 
           -1.443079e-01            -1.880841e-03            -1.284114e-01            -5.290331e-01             2.235717e-01            -7.108226e-01            -1.282126e-01             1.683464e-01             1.096955e-01            -2.659718e-01 
           -4.113814e-01            -1.368511e-01             4.013296e-01            -2.036369e-01             2.281976e-01             8.094715e-02             1.146810e-01            -2.514859e-01             5.450005e-01             4.212537e-01 
           -4.341888e-01             4.173756e-01            -1.736967e-01             1.329232e-01            -6.441621e-02            -2.976943e-01             1.328582e-01            -1.518987e-02            -4.288580e-01             5.430157e-01 
           -4.220122e-01            -3.998282e-02            -1.003435e-01             9.733172e-02            -6.501103e-02             1.499051e-01            -8.419066e-01            -2.200397e-01            -4.314287e-02            -1.223985e-01 
