 -2.2754587597163400e-001 -1.1358789544515868e-001 -1.2155358984846898e-001 -2.8063308602966885e-001 -6.0830137534353304e-002  7.8532651528805661e-002  2.5572562069104804e-001  3.2788551264504295e-001 -1.6988260408376987e-001  1.9011012358921003e-001 -4.9492208263467369e-002  6.8088679631098450e-002  8.7426225051666917e-002  1.1857096659614681e-001 -2.2896549864862570e-001 -2.0732166987546105e-001  1.3555717950478519e-001 -2.5081026881799423e-001 -2.4725818567660870e-001 -1.3787503368683404e-001  1.0756848634200944e-001 -1.8835978821449406e-001 -9.6911994610381635e-002 -2.7905671706756857e-003 -3.6439844861836007e-001  2.0015310038973427e-001  8.7561158108900264e-002  1.8695068007020482e-001 -7.8684861083682528e-002  1.7403096402860749e-001
 -1.0061203319775799e-001 -2.8718038514963751e-001  1.7442411234428892e-001 -6.6869558506845346e-003 -2.0294365768828712e-001  2.4521083663353049e-001 -8.9453685780703660e-002 -1.6991054240070730e-001 -2.2543473096605512e-001  2.2291455284534947e-001  1.3466813330787591e-001 -2.1760632755684789e-001  7.9175210900160720e-002  2.9074388915809442e-002 -2.7735987719464633e-001  2.5091246353453622e-002  9.8911811186552262e-002  6.2337614717037901e-002  2.7653496527616972e-001  2.2293224350916888e-001 -2.8794967024424667e-001  2.1273028206848360e-001 -1.5157049127900238e-001 -2.7211620201592712e-001 -9.0017851279364958e-002 -1.9707665500851953e-002  3.2812049217514888e-001 -7.5222585069031095e-002  3.4738576963109218e-002 -5.3373546380374084e-003
 -1.2219227066685434e-001 -2.2171828035373467e-001 -1.9062914810674035e-002  2.5076808593689315e-001 -3.5415032847390657e-002  4.6188141644290796e-002 -2.6252937101678434e-002  7.8310934090407125e-002  1.9720188187935719e-001 -1.4395851923012737e-001  2.3500732162068197e-001  3.2726773542757487e-001 -9.6255881337087776e-002 -1.3220200449791072e-001  1.9749865060095681e-001  1.6706769503477999e-002  4.0677110099617125e-001  2.3100702243432433e-001 -3.7225860376827388e-002 -1.4002711010213004e-001 -2.4937900133794141e-002  2.3360215721450131e-001  2.5603713755818786e-001 -2.7332501812359239e-001 -2.7510505793766205e-001  1.5289135922050007e-001 -2.7571942475234826e-002  1.9310547095945074e-001 -1.6063597382081150e-002 -4.2891470171802351e-002
 -1.9119517825036528e-001 -3.3318468833525711e-004  2.6240399664874060e-002 -1.0599704900995530e-001 -1.7103228931749057e-001  2.1476664682291796e-001 -2.6130277983293732e-002 -3.0216996871234425e-001  2.0324436197855072e-001 -2.1840910895353802e-001 -1.0028423021576037e-001  6.9651815882597445e-002  3.4470312577227230e-001  3.8718703924976200e-002  9.2047918095755230e-002 -8.1900284513135663e-002 -1.5468127563235540e-003 -1.1740381934957524e-001 -2.1378130060346942e-001  3.7086048894665108e-001  1.7174502039699216e-001 -2.6257552523914346e-003 -3.6608492564509196e-002 -2.1161093463274994e-001  1.8112149487605766e-001  6.2739890921186911e-002 -1.4933627567485830e-001  2.1422983689079847e-001  3.2852895861595738e-001  2.4334795318479407e-001
 -1.8183130949545576e-001  2.1153707760076151e-001  6.5392924462477575e-002  2.1669272659605512e-001  6.8112025489095701e-002 -3.5824525497447135e-001 -2.0365267410512124e-002 -4.5610406323214558e-002 -1.8046057904174315e-001  2.9720003631695269e-001  1.1434787461378872e-001  3.3561505299988081e-001 -8.8350685247689922e-002  3.3185137253344849e-001  1.5799419112092722e-001  9.3762086744470521e-002 -1.8936137427788879e-001 -1.7207215932559872e-001 -2.7621614493875631e-002  2.4119029343788462e-001  5.2715595637614382e-002  2.6106506517372885e-001 -2.0462607014393439e-001 -6.4487886459673904e-002 -8.7321609563504043e-002 -9.4161273521748898e-002  5.5538953403400114e-002  2.6835388127635673e-001  1.2140061674472825e-002 -6.3938970305659884e-002
 -1.5736376916129047e-001  4.0178199912830545e-002 -1.8718673997712970e-001 -1.7111485311854752e-001 -2.5912909059318867e-001 -1.3750234154849983e-001  1.1183316440836516e-001  1.1993386792093977e-001  1.9815402874487129e-001 -3.8531647245090839e-002 -2.5535748887383447e-001 -1.7739708556848743e-001 -3.2466538517692661e-001 -1.8595040337594498e-001  3.5331243211265306e-001 -2.4544092461682567e-002 -1.3510519416109509e-001 -1.5444976360724272e-001 -2.2943782935901658e-002  3.2109818814128926e-001 -1.8119015491785329e-001  2.2566890880384383e-002 -2.0989519033367925e-003 -2.7938683249092727e-001 -8.6128536501371172e-002  1.3315413670209761e-001  9.6318582695720467e-002 -1.7214612616937214e-001 -2.4148551868116602e-001 -1.1831894605863619e-001
 -9.6878709147821346e-002 -3.5366126246526719e-001  1.8020581634336547e-001  1.2092607439915670e-001  8.0415424336345923e-002 -1.3866994488965170e-001 -4.0041797037668365e-002 -2.2220238396104010e-002  1.7357227873154940e-001  3.1741929134478247e-001 -8.7770441288248000e-002  3.4988068556034041e-001 -1.0482622630758583e-001 -4.0495268583788679e-001 -4.2462605761783415e-002  5.4781714762405294e-002  1.3221206904394023e-001 -2.0137504362952852e-001 -1.3753454798514758e-001  9.8436514621101534e-002 -8.5333262112042198e-003 -2.9582017505869229e-001 -7.2381443607378831e-002  1.2838860760291915e-001  2.3465359759292478e-001 -9.5445985898825275e-002  2.0125987295546022e-001 -1.7319225161111937e-001  1.3393166903215165e-001  3.6228627253580371e-002
 -1.9939527747592356e-001  1.1838222724437700e-001 -9.5721468379343866e-002 -1.4456846878921401e-001 -4.5888121935912483e-002  1.3988714966696381e-001  1.4806460978635597e-002 -2.8419744599681473e-001  2.3840326099590781e-001  1.5274396076410007e-001  3.1924715127229747e-001 -4.8122252993010484e-002  1.6033361645593097e-001  1.6754074059908841e-001  1.1734878088052507e-001  1.0832200466828436e-001  2.3083235604019098e-001 -2.4743946487363119e-001 -1.8650081998671653e-001 -1.7951661630360105e-001 -1.2620592449248877e-001  1.4623692793891957e-001 -7.3178122146458219e-003  2.6827321240667740e-001  2.4481047791360355e-001  1.7113007896538296e-001  9.7453266242950129e-002 -1.1810586948119801e-001 -3.0202367436622746e-001 -2.3469661226436084e-001
 -3.0131725405750948e-001  1.1023347386760463e-001 -4.0651649310426356e-002  1.9729995092397856e-001  3.3297040799291633e-001  1.6522762311323491e-001  2.2541648880494364e-001  8.9508037258260870e-002 -1.9557664989647955e-001 -1.5701738382836500e-001  1.0918174351817309e-001 -9.3471746407919984e-002  1.7590141172987245e-001 -2.7109576965749510e-001  4.4157323210473227e-002  5.7143349738500680e-002  4.0315885802613236e-002  3.4047281938184382e-001 -1.0435272082071287e-001  3.1318996937341942e-001  1.6702488012025524e-001 -1.3916248525585212e-001 -2.6351829431739271e-001  5.4679336469845345e-002  5.0405100066783032e-002 -1.4311895009456642e-002  1.0553426504817505e-001  2.4457216172545079e-002 -2.8912449694917375e-001 -1.4824729616099908e-001
 -2.8081464401954859e-001  7.7890184744635438e-002  2.2499998235818119e-001 -4.5744127402654620e-002  3.9575310461332797e-001 -2.1179631260212986e-001  2.8155096241789718e-002  8.3614101443884994e-002  1.7733238902495072e-001 -1.3598932763648480e-001 -1.8772594319429883e-001 -1.6418398091588546e-001 -1.6859640560766045e-001  2.1360371564755939e-001 -2.0990167193288709e-001  1.0602093332356118e-001  1.2353022291106358e-001  6.4670004491129668e-002  1.5150812851139756e-001  8.2857185908390238e-002 -1.0859106787906192e-001  6.8373358811360058e-002  1.7393789840481028e-001  8.2076018008854501e-002  1.5743017560396139e-001  4.4557194757199325e-001  1.8137179812047091e-001  6.4978058810099076e-002  1.4714230442636272e-001  1.6371217181380632e-001
 -2.3425457051485626e-001  9.5722663455669349e-002 -1.2049559608757032e-001 -3.0534623212192002e-001  1.3427463123685654e-001  3.8943603999617073e-003 -3.0484400081514285e-001 -1.7267163026954885e-001  3.8903922305660636e-002 -1.9993427681664724e-001 -3.3730192652563551e-002  1.6605526452806710e-001 -2.4557045337432255e-002 -4.0975211000666617e-001 -8.1345126102289333e-002 -1.1314132552137873e-001 -3.1802304813236265e-001  8.5813429692006490e-003  6.6097234008284211e-002 -2.8864989934234703e-001 -9.3792206274015133e-002  2.2697940496192981e-001 -1.7045455973922233e-001  9.9048972882199729e-002 -1.2457598732246544e-001 -5.8791480697718286e-002  2.6496455523315754e-001  2.2497243082645468e-001  3.5399601453379871e-002  1.3022053792554798e-002
 -2.7401490402883300e-001  9.4737960432504167e-003  2.0933051840713421e-001  6.3915140529990352e-002 -8.9754699885823852e-002  1.9752249131471780e-001 -1.4342820018432734e-001  2.4079792288614604e-001  3.3442882986670808e-001 -1.1184004598819408e-001  5.3057719777219091e-002  4.0655706130893907e-002 -7.6981318817636035e-002  2.6555162479533684e-001  7.5130674259286795e-002  3.4097078697412908e-002 -9.9478177762867215e-002  1.4727347628688414e-001 -4.4866458760718757e-002 -4.3593848237760302e-002 -1.0972947481275624e-001 -5.0859907004590379e-002 -4.0098388817502212e-001  2.0410975818539590e-001 -2.9536009760199328e-001 -1.2845762732772287e-001 -1.3633277575251679e-001 -3.5529932277786069e-001  1.9287778643829878e-001  2.9757082099705293e-002
 -2.8778295938416004e-001  1.2342290297363366e-001  3.7203737878978682e-001 -1.3441061283283740e-001 -9.6603847674444649e-003 -1.3557564351325677e-001  1.9880053077404891e-001 -1.8273680109584495e-001 -2.1206332372352141e-001  1.0110099177765405e-001  1.7348906264098568e-001 -1.6207434376228130e-001  7.0425298010016013e-002 -3.1515930318197738e-001  1.6950134776318657e-001  2.3212665952739586e-001 -3.6435765219794504e-002 -1.1175835008216883e-001  8.0613311853373171e-002 -1.0863743649416137e-001  4.1005575142568085e-002  3.0785214687666075e-002  2.3517056351573321e-001  2.7927949393850727e-002 -2.5392797699892700e-001 -4.6758359815004959e-002 -3.1077006887923186e-001 -1.8107840609522319e-001  4.2286828301106069e-002  2.5878571108510134e-001
 -1.4922623446384856e-001 -4.8490819287255890e-002  1.5372421886027587e-001  3.4492485241887394e-001 -2.3000123528132974e-001 -4.3701397844735312e-002 -1.5732857833256214e-001  1.9594236483975772e-001  1.1523967617884382e-002 -1.8055031230846044e-001 -3.1228263408386542e-001 -1.7112445321745284e-001  3.2227076801451671e-001 -7.2378384197928747e-002 -9.2236401893623393e-002  3.3424520341780845e-001 -3.6620871271651700e-002 -3.3571146949187147e-001  7.4932979242534559e-002 -1.8668700258452409e-001  9.1874778046738312e-002 -2.3667538057142216e-002  2.4600069219179302e-002  1.0943430907332113e-003 -5.2889916761653381e-002  1.3688564266234316e-002  3.2646585437320470e-002  1.8961164437206238e-001 -4.9752415093283653e-002 -3.4549085201495755e-001
 -1.9680383552175332e-002 -4.0217755443819819e-001 -3.3869609021299367e-002 -2.0415629762197463e-001  1.1250957597237328e-001 -3.1548194357428566e-001 -2.1825782354707782e-001  6.9345767654460490e-003 -1.8659468021046624e-001 -5.7453404374824518e-002 -1.7978078787099252e-002 -2.8223953784245098e-001 -3.7125500369314675e-002  8.5212648362308574e-002  1.0461519905581516e-001  2.5112511278655719e-001  6.9192769464696158e-002  1.6851278285689339e-001 -4.7065352146665573e-001 -1.6591680251839680e-001 -1.9651440657626123e-002  1.0712991986719395e-001 -2.4960063682582179e-001 -1.7888906044068076e-001  1.4302798828896759e-001 -5.4309510358662952e-002 -1.4571184535365891e-001  2.8681516628194202e-002  1.5468211849554988e-002  1.8060205303878949e-002
 -3.4333294869697009e-002 -1.0477685101729282e-002 -2.4919271759136782e-001  2.4450626956754562e-001 -2.9605382812803682e-001 -5.2447157315520888e-002 -2.0739698824341249e-001 -1.3235000086010720e-001 -1.4617211699709504e-001 -3.2075414034983055e-003  2.7269039669821110e-001 -1.2562065183830032e-001 -2.2045489424319262e-001 -1.1085528267499901e-001 -1.9264709251044004e-001  1.0222331281619604e-001 -2.0888104037019292e-001  8.5126397304060034e-002 -2.4025232163678958e-001  1.8714939915731213e-001 -3.3709202567152208e-002 -1.7557851654322623e-001  1.2304959557944325e-001  3.1637940855642627e-001 -1.3718343493618043e-001  3.9400454100096155e-001 -4.7681303882389586e-002  5.7355648286749945e-002  1.8803381376315723e-001 -1.1387642541811254e-002
 -2.1593741537849784e-001  1.1006875169489071e-002 -1.3521924662628085e-001  1.1159737801831898e-001 -1.8548780120661350e-002  1.0229501984525266e-001 -2.3205579959557049e-001  2.2241823584940132e-001 -7.3266346584304164e-003  7.0264686119444392e-002  2.4846013074561407e-001 -2.0596853579261165e-001 -1.9639767180638326e-001  2.5321199900217098e-003  3.8011235611742834e-002 -1.1968522985714294e-001 -5.9648392990492460e-002 -1.4872416599426067e-001  1.1299685901574155e-001 -1.3193507411150984e-001  6.0911962796584096e-001  1.2635278204295480e-001  7.1793719506364109e-002 -1.8616430552904892e-001  2.4627208489164515e-001 -4.3181773299597596e-002  1.6520240444141748e-001 -2.0257144457798959e-001  6.3663722425067848e-002  1.6534668771595265e-001
 -1.0970790985345819e-001  4.9669341655397853e-002 -3.0023960564680308e-001  2.6358270189042898e-001  6.7040138962956866e-002 -1.2062918894183511e-001 -5.8513101486375334e-002  1.0087422475355962e-001 -1.8220708048844186e-001 -2.6792086156945261e-001  4.5713057955284568e-002 -3.0720742724995163e-002  2.1449925148537619e-001  8.9676235349485101e-002  1.2448475502756730e-001 -6.4650091107267008e-002  1.0032313056829215e-001 -1.9460563770629813e-001 -1.0791844924326578e-001  1.0994164193869551e-002 -4.1291172885577776e-001 -3.9450327738615287e-002  2.0093508424259607e-001  6.0504029349032984e-002  2.9747704605282282e-003 -3.0281439490123974e-001  2.5294012386224296e-001 -1.7137913768732349e-001  3.7531740183647938e-002  3.8630949207901344e-001
 -1.6885387020020590e-001 -1.9135919574872934e-001 -1.1458117433652258e-001  7.7791119554906835e-002  3.1694501636557332e-001  2.6300280169311130e-001 -1.6192712310569121e-001 -2.9832597322063942e-001 -2.0179157855688110e-002  2.3026738998773907e-001 -1.9146728757814030e-001 -2.2210245559530831e-002  1.5001138819921832e-002  2.5309268912183835e-001  2.7778092717038483e-001  5.6192792483873551e-002 -2.7624382122833324e-001  7.6988554259755926e-002  4.6952714946868868e-002 -1.4471810997897910e-001 -4.8688992890685498e-004 -3.9239037890284179e-001  2.5051514924616830e-001 -1.6388221942679698e-001 -1.8192940789901230e-001  4.3494713068529964e-002  6.1799068746967244e-002  9.0853206985864118e-003 -4.6668543179719954e-002 -7.4973736205152061e-002
 -1.7467977802960621e-001  5.5525651177029782e-002 -3.0918565611179993e-001  1.1668315354392292e-001 -1.1458940959591386e-001  7.6552772579287540e-002  3.3797990490517626e-001 -4.3123215905702159e-002 -3.5326419467938366e-002  1.3085678779361565e-001 -4.8550936395646747e-002 -1.5017674359268879e-001 -1.9996637480974491e-001 -5.8412768401863463e-002  1.7540744875418410e-001  1.0709623769856240e-001  1.6847495231959489e-001  4.0513444641231633e-002  2.8253785192305930e-001 -2.7393614480942308e-001 -1.6020320476990962e-001 -1.1776109686709667e-001 -2.8929121506123134e-001  2.3341891251285465e-002  2.1986879144579663e-001 -5.8145131029393685e-002 -1.0194597193710919e-001  2.8539062807730892e-001  3.7492253283807786e-001  2.0068585121341839e-002
 -8.2428656312087956e-002 -3.7315336580914754e-001 -6.3929982078398853e-002 -1.3093465794563708e-001 -9.1901452127472708e-002 -8.3725288278407514e-002  8.4028629472033142e-002  2.2903387935965944e-001  2.6592723067615931e-001  1.9105690956561530e-001  8.5993732201803369e-002 -1.7654200047496632e-001  1.8232879829734513e-001  3.3002345323881785e-002  1.3119629815730260e-001 -3.1987976933277630e-003 -2.0478802817779845e-001  2.0089651046739429e-001  1.4808445436509277e-001  1.8939284059280531e-001  4.2155959993490845e-002  1.4691831400390909e-001  2.5012259047873281e-001  3.9719148299288420e-001  2.8364550905230740e-002 -2.4713668518530774e-001  2.3640116717593838e-002  3.1694871940792257e-001 -7.9667546918962454e-002  8.6001705465750908e-002
 -8.8093222075164443e-002  8.9994678638846401e-002 -3.2828028473252568e-001  5.7648589059396030e-002 -1.4223940522961787e-001 -2.1675594489609493e-001 -2.2070888115697490e-001 -2.1705419157318259e-001  1.1207980319617369e-001  1.7945281166795515e-001 -3.2594150463978139e-001  7.5279051393559199e-002  1.3612821824693497e-001  5.1706193042096241e-003 -1.6488594210849025e-001  1.5134348844157083e-001  2.7694497006919544e-001  2.2528651457660026e-001  2.1695814680504166e-001  3.0288979589897309e-002  2.0291711357003286e-001  2.5003253763304957e-002 -1.4289270480443106e-001  7.0478318014527058e-002 -1.3839729294612327e-001  1.5653145662197054e-002 -1.2646738333713189e-001 -1.4607830519254467e-001 -2.9184833939123095e-001  3.1647320425214009e-001
 -1.7835654868868370e-001 -1.1127644216599235e-001  2.7462494943837346e-001  3.2342110023481657e-001 -1.5280824633159895e-001  1.3765440479147953e-001  4.1444806527656891e-002 -1.3908879355747575e-001 -7.7443578408348146e-002 -3.8106013400753494e-002 -1.8930481509567737e-001 -2.9827397401948855e-002 -2.7457872936919320e-001  3.3631287038298055e-002 -8.6121109429866644e-002 -3.6306669056704721e-001 -1.3027131772791217e-001  1.2401861807444334e-002 -1.3805464294068620e-001 -1.5753047859498923e-001 -1.2628501967126091e-001  1.0276544212404416e-001 -1.5561554528831074e-002  7.6965973426556186e-002  2.3230994080237763e-001 -3.0269536024737701e-002 -2.1549753891127818e-001  1.5507312834706627e-001 -4.1938934023622837e-001  2.3991088290331564e-001
 -1.2456535582645764e-001 -1.3085011796911775e-001  3.9655969810774065e-002 -1.2305267964921940e-001 -2.1474783677724296e-001 -2.8679314542332907e-001  2.0118250233355653e-001 -1.9415334103341370e-001  1.1313343742433347e-001 -3.7934379929084527e-001  3.1351002528621480e-001  1.3637035733644168e-001 -1.0211222615477668e-001  2.0617509957493113e-001 -2.1289616153997454e-001  1.3226622268076557e-001 -1.1550844878242084e-001  3.7131745730519541e-002  1.8231516473481932e-001 -7.6966727982101246e-002  9.2093561680388097e-002 -4.1220429445874163e-001 -1.6612774326937581e-002 -1.7371940944061082e-001  6.0432943670787123e-002 -1.7128240050478449e-001  1.3324492352579742e-001  4.4624980875983433e-002 -1.9824899813346020e-001 -1.9341731921488844e-004
 -9.3693124937273178e-002 -2.2656095309102186e-003  5.0524591221643926e-002  1.0537786991677831e-002  1.5015305994133801e-001 -2.7288829375162138e-001 -2.6911485915941413e-001 -1.3901099770839959e-001  6.7071059687441079e-002 -1.8344577042806103e-002  1.2215259162539338e-001 -3.0788490949871911e-001 -1.7420026382103503e-002 -2.5270200835560069e-002  2.2754936930763661e-002 -5.3379673249016357e-001  3.2441790709280266e-001 -1.5948933501764545e-001  1.4155518923988705e-001  1.2887014559068660e-001  4.9809637280558323e-004 -2.1233996839751859e-001 -5.9287588777348209e-002  5.0043786369680598e-002 -1.8203968274811527e-001 -1.4024317435488770e-001 -1.9421834020950779e-001  1.3341185554033558e-001  4.5508856963510293e-002 -2.6459289033271727e-001
 -2.6368495628859873e-001  2.7525197540000684e-001 -5.6697141789859330e-002  9.8640418179063091e-003 -9.0472731653510316e-002 -1.6771454505353398e-001 -2.4333565324759582e-002  1.8514867883931749e-001  1.3883160496202732e-001  3.0547898872170604e-001  4.6657168075315308e-002  2.8376863106962073e-002  2.4220165180555520e-001 -6.4187137540024156e-002 -2.9753943040906677e-001 -1.5657646866178665e-001 -1.6170142786114813e-001  3.0211571417900251e-001 -1.6068245393642613e-001 -1.2405889715488824e-001 -2.2588898662464374e-001 -7.1867745958818202e-002  2.0635908802805680e-001 -3.3473382405301982e-001  2.0697471920104299e-001 -7.5381765849607985e-002 -1.5701404723675783e-001 -7.9800570078846167e-002  8.9324774679188257e-002 -1.7842101670372554e-001
 -2.8002932868511060e-001 -2.6801081347466404e-002 -2.3615305244076915e-002 -3.2335016505199482e-001 -1.3190926203091538e-001  1.5580033870985924e-001 -2.7555385315434305e-001  1.8748990075087696e-001 -4.3052598821465843e-001 -1.1790862509508776e-001 -9.9766856156872655e-002  3.2197483779707720e-001 -1.3235607454854822e-001  9.5994158827901327e-002  5.6517235781793837e-002  6.6066761473824162e-002  1.7959880817218010e-001  3.5966712877515336e-002  1.8399333351264091e-001  1.5650828915443737e-001 -5.5919748671707389e-002 -6.9743329781349589e-002  2.0431976863795134e-001  1.5738963162076031e-001  2.3843480554709134e-001 -6.3966834617942531e-002 -2.2284453682370656e-001 -3.0831980557527797e-002 -1.5142644191802038e-002 -1.9400594990379433e-001
 -6.0461599152842389e-002 -3.0149173476314051e-001 -4.9334239373107949e-002  8.0070368570953954e-002 -7.7737332480719054e-002 -2.7131392919288527e-001  1.8391738965155630e-001 -5.3850387316161978e-002 -1.8870340716403247e-001 -1.0079521227586513e-001 -3.7238433506928188e-002  1.5217209257580266e-001  3.2859984868614622e-001  4.0251177571297363e-002  2.0225646234071337e-001 -3.4791732619298815e-001 -1.7856304122579031e-001  8.0690279432489284e-002  2.0993301666342176e-001 -1.3043276993957653e-001  5.4173133741015539e-002  1.2339571388640511e-001 -1.1766424248078181e-001  8.9476297275571534e-002  8.6849889506518479e-002  3.9809629747391062e-001 -1.0492236514698572e-002 -3.2201228286205225e-001  1.1376690745460206e-001 -1.2687586267461831e-001
 -1.6598835272726736e-001 -2.4625442030720472e-002 -7.5289573804411092e-002  1.4479913955635665e-002 -6.2650114403691920e-002 -1.8840214330788731e-002  3.0550944755197174e-001 -2.7844536220415023e-001 -5.0841423846418557e-002 -7.3936403631560677e-002 -2.9303207000863102e-001 -4.2279858359504686e-002 -1.8294882146593386e-001  1.0286361350934170e-001 -1.8060588092433857e-001 -6.9873288093763142e-002  1.0884193280448384e-001  1.1080795900065471e-001 -2.5096831994395608e-001 -8.4495441358866576e-003  2.2882065911125274e-001  2.4792898571507066e-001  2.3091671965239191e-001  1.4767912225227922e-001 -1.5192511216347548e-001 -3.2811796554241529e-001  1.7830321099644592e-001 -1.7908882005007282e-001  2.3171333748709783e-001 -2.9852522982861157e-001
 -7.6664422140249086e-002 -2.7563409677768291e-001 -3.4127341841336900e-001  7.2706045996242585e-002  3.5029212288683165e-001  9.7820729248501104e-002  1.3659963049228113e-001 -9.8472785994488388e-004  1.1262218744403057e-001 -7.7292493016182018e-002  8.8909719672904480e-002  6.6035379104861375e-002 -5.5512087806829577e-002 -3.5577410543046625e-002 -3.5560615245456900e-001  1.1216293131786660e-001 -1.6687006395020429e-001 -3.3334343060239990e-001  1.1928383383101702e-001  1.3022292299353078e-001 -8.7166255073618998e-002  2.1287398923741144e-001 -1.3852752053618895e-002 -8.9581739753267067e-002 -2.8640323371938677e-002 -4.4642429731026910e-002 -4.6379274577853219e-001 -1.2424363958773058e-001 -3.7462639503462368e-002 -7.1530852371337078e-002
