 -3.2616173227560918e-001 -1.7169816660743492e-001  3.5783388001170208e-001 -4.8208107367870418e-001 -3.5977577165938707e-001  2.8582193210590434e-001  1.0775141332129058e-001  3.1656334769368072e-001 -4.0737444320819033e-001 -1.2157950813508724e-001
 -2.3668090281919596e-001 -5.1672797532955528e-001  3.2187094760152846e-001  5.9697478824893857e-001  2.6127664077478935e-003 -3.8988271490392301e-001  8.5762145273886092e-002  1.6817869321121171e-001 -9.6733632416837675e-002 -1.4135972925772225e-001
 -1.6751592098838897e-001  4.9458569937830529e-002  1.1659066423645122e-002  2.3570033896025799e-002  8.2933793202527140e-001  2.7868013402330355e-001  1.2935672475210877e-001 -2.9582824719436074e-002 -3.5881877140564400e-001 -2.3869969979485911e-001
 -1.4469140389860674e-001 -5.6824388190649555e-001 -5.7016611187740573e-001 -1.5171275735297929e-001 -1.0592759415299784e-001  3.5586257093809165e-002  2.8642703700197120e-001 -4.4620093970446212e-001 -1.2002069122239553e-001  5.4224624738625927e-003
 -2.1468697777016793e-001 -1.4022143679207627e-001 -4.6490499473878644e-001  9.2481230195894146e-002  9.5933189448341047e-002  2.4409484318844099e-001 -1.2476153908970743e-002  7.1981783556643786e-001  3.0405611281830963e-001  1.7328894454421223e-001
 -4.3109089461931704e-001  4.0493194222432444e-001 -9.5904804613536232e-002  1.7495077411848423e-001 -2.2780474378375751e-001  6.9795384647083139e-002  3.5504510495560226e-001 -1.1472389714522566e-001  3.0699112735618428e-001 -5.6582392085981503e-001
 -1.4430789263312860e-001 -1.8808409228461727e-003 -1.2841136919920071e-001 -5.2903313861665513e-001  2.2357172410605158e-001 -7.1082258436340184e-001 -1.2821262999027000e-001  1.6834642258051025e-001  1.0969548037393789e-001 -2.6597179532243947e-001
 -4.1138137354912563e-001 -1.3685110120390967e-001  4.0132958382045064e-001 -2.0363690379064756e-001  2.2819756862174609e-001  8.0947149355664952e-002  1.1468098534824950e-001 -2.5148590091813727e-001  5.4500049930459971e-001  4.2125374282512196e-001
 -4.3418884763813115e-001  4.1737556608810050e-001 -1.7369673187508364e-001  1.3292316220599443e-001 -6.4416210391532489e-002 -2.9769426392292309e-001  1.3285822679529025e-001 -1.5189873388016181e-002 -4.2885798184196106e-001  5.4301567887149793e-001
 -4.2201217145059522e-001 -3.9982819194563431e-002 -1.0034352748618025e-001  9.7331724840076017e-002 -6.5011033260864604e-002  1.4990511185911129e-001 -8.4190657517031697e-001 -2.2003966540073328e-001 -4.3142868261278652e-002 -1.2239850241921607e-001
