 -2.4721988772380232e-001  2.7679228209918333e-001  5.2540967546062300e-002  3.9625401961930123e-001 -1.4939946131797857e-001  5.2217360981901533e-003 -1.3074793869505363e-001  1.0769164319845838e-001 -1.9867865187170092e-001 -4.5718302451229924e-002  2.6101529240458717e-002  1.1320806887519347e-002 -3.4338927880803616e-002 -4.6729543815472703e-003  4.2778304668323539e-002  1.1067993670956361e-001  1.5380810678767107e-001  2.9725900344154405e-001  3.4145396700046249e-001 -2.9778301857036060e-001 -2.3980277595916483e-001 -6.4077837717099850e-002  1.2924874830004948e-001  1.3890135693005548e-001 -1.1344495398293150e-001  2.6966087603195671e-001  6.4526429573526514e-002  1.2211292443272344e-001 -2.5600167172585436e-001  9.3286374065017094e-002
 -2.9524793238119251e-001  1.1498664625111649e-002 -3.0839797592953466e-001  8.3195902206133640e-002 -9.4531590089829129e-002  6.0800282452743208e-002 -1.0798181182373434e-001  1.7585415970166499e-001 -2.2320000577096547e-001 -3.0534649844042411e-001 -3.6030380110081174e-002 -1.1857716343585734e-001 -7.8168284719292991e-002  1.9878385366820137e-001  3.5641119919579578e-001  4.4140415152831187e-002  1.2151392360971919e-002 -9.8580341856805406e-002  3.9178681608622687e-002 -1.3035070916680902e-001  4.5028984555458623e-001  1.2283451619780655e-001  2.0518155269394445e-001 -8.6352895066239554e-002  1.8902386273037428e-001 -1.6499188691290276e-001 -8.2754785549232907e-002 -8.0202235901146918e-002  1.9989461689700577e-001 -1.0219251852884548e-001
 -4.7895992894151529e-002 -2.3989751698461387e-001 -1.1095004781739704e-001  3.9010499362601386e-001 -1.0387808187886344e-002  1.8280238994071862e-001 -4.0783970845795367e-002  1.8856114333173141e-001  6.8576895887745584e-002 -7.7104891017262783e-002 -1.6660258027403330e-001 -1.8156108130305659e-001 -2.2498942559439294e-002 -1.4656430822543315e-001 -8.4386796642265879e-002  2.8625626355994832e-002 -3.0307489676034910e-001  1.6641386403332528e-001  8.8848472765939643e-003  4.8993688133147556e-002 -2.4916016211812106e-001 -1.7394372903694028e-001 -2.6798482061858442e-001 -3.7628761580303038e-001  5.0720424514077364e-002 -8.4034745949768258e-002 -3.3768114776365726e-001  7.8450989192911963e-002  1.9486886351926275e-001  8.9773612293901378e-002
 -9.4014562950008929e-002 -5.1907654054041755e-002 -5.5868518657120588e-003 -1.6783496508459567e-001  1.9981841714031023e-001  1.7565020802614965e-002 -2.3891718575943963e-001  2.7138067006787858e-001  2.0070833940738053e-001 -1.0071061559365482e-002 -1.5195690263532924e-001  8.7330427529722116e-002 -1.7566429532910525e-003 -4.3084797217358417e-001  2.6310537812622303e-001  3.1261588371781251e-002  8.2591350031005081e-002 -3.1877164631165716e-002 -1.8411225177950116e-001 -9.0974680974329994e-002  5.6441619719536096e-002  5.9835082283740681e-002  7.9282245866840479e-003  1.9548300057390833e-001  2.3872383626196543e-002 -1.3442199250283993e-001 -3.0754565827969649e-001 -7.6698117577752266e-003 -4.2711086658129421e-001  2.6759134633191195e-001
 -2.0603960842813171e-001 -7.5074399178900353e-002  1.7459355161403001e-001  1.1031469076809089e-001 -8.7191646549764801e-002 -2.7642369495610446e-003  2.7820233331362965e-001 -1.9762469586689771e-001 -6.3567900098219277e-002 -1.3997381109824272e-001  2.6737207931099410e-001 -1.8459457828659762e-001 -5.1561614074617804e-002  8.7776730299477398e-002 -2.4014611769399122e-002 -1.4991289133615324e-001 -2.6150471458927022e-001  1.1718526613748634e-001 -2.4201614815721989e-001 -1.7995131355131525e-001 -2.2257129108974795e-002 -1.5754487205930437e-002 -9.9136329072347831e-002 -2.4409800120865657e-002  1.5577011476205482e-001 -2.9911866058326320e-001  9.1021704213753385e-002 -2.7285910866862695e-001 -4.9143253225070044e-001 -1.9199522816381501e-002
 -1.4957878736769790e-002 -2.1444246106286860e-001  1.9925289782410913e-001  1.8066683674114084e-001 -2.8388015974328706e-001 -1.6620273082249115e-001  2.9148376511334902e-002  2.1341442869516142e-001 -1.0275135441719643e-001  2.8916101734624922e-001  3.8040310809613570e-001  2.1238796825573203e-001  7.3603937657620758e-002  4.3974605471137948e-002  2.0584505128594938e-001  2.2611326888023395e-001 -1.6141892200728677e-001  8.9797601365200500e-002 -3.5364003560748503e-001  7.8456438093291198e-002  2.4680397895589914e-001  1.6259260283625367e-002 -4.5452750359633615e-002  5.0037288794982662e-002 -1.2046594341357798e-001  2.0119140926099338e-001 -6.4822616680328307e-002  1.1943000727173574e-001  1.1422478076447633e-001  1.5626445545372539e-001
 -2.8031621469932677e-001  2.3000941003563613e-001  2.4373938514318596e-002  5.4892713860803154e-002  5.0584874250377901e-003  1.3469900906024596e-001 -4.2581073991271595e-001  8.2110080523745271e-002  9.9277135910784062e-003 -1.7025436381604198e-001  2.2301179352364237e-001  4.5460010404844750e-002  5.1840839056690083e-002 -6.2908924140625433e-002 -2.0075192469738709e-001 -9.6103613607407656e-002 -1.8586134006219257e-001 -2.7148288964472600e-001 -2.5117274347624396e-002  2.3253985257947940e-001  9.1927777888511725e-002  3.4223642465005588e-002 -3.0077825495978189e-001  3.4388065061952661e-002 -2.9697835872911743e-001 -1.8927728101727756e-001  2.7691717547552169e-001  2.3016962962113421e-001 -3.6891650970551484e-002 -4.8449615580527669e-002
 -9.3037826251243308e-002 -1.6168280824769812e-001  1.4855938822255668e-001  9.0840219897034891e-002 -4.8380833663565888e-002  2.0349171469023764e-001 -2.9533863803021315e-001 -2.8527960380086015e-001 -2.5796746928990383e-001  1.5014967177597166e-001 -6.4153790074181885e-002  2.3674434060426133e-001  1.1988525880498926e-001  5.9220512288025086e-002 -4.5645942157463454e-002  3.6513182697132725e-002  2.4671399229563357e-001  2.0657946189943777e-001  5.8918320922769746e-002  4.7909667835008996e-001  4.1887139069575433e-002  3.6800998018349101e-002  9.1343099572667702e-002 -9.9270968320239336e-002  3.2267468448389064e-001 -1.5577058531833693e-001 -1.3414904657954368e-001  2.5685644722013380e-002 -1.9352077340710350e-001 -9.8109001578410987e-002
 -1.8417642042900437e-001 -3.7786616874507593e-002  2.8631315689308834e-001 -1.7382651346149272e-001  3.0704733291703834e-001 -1.0093299890663258e-001  2.6686204870374430e-001  1.1307670146826318e-001 -6.7689480265140281e-002 -2.6375936978170272e-001  1.9175047417111027e-002  2.0731770766221755e-001 -1.6694725804062746e-001 -8.4513221027923038e-002  2.9394072031236163e-001 -2.2636794446333602e-001  7.9048230394815414e-002  2.2679108971562714e-001  4.7247696320939753e-002  8.0213040096640348e-002  3.3473266283646289e-003  3.7366873702249385e-002 -2.0370438373509131e-001 -2.4721178264277230e-001  3.3275506047618579e-002  1.7067324496350322e-001  6.5517625589018427e-002  3.3220147752512147e-001  2.6082405152245629e-002 -2.4063092709612674e-001
 -2.5869749690148330e-001  1.7526827515625959e-001  1.9604167057131694e-001  1.5013298077241705e-001 -1.0343464651124462e-001 -2.1322031724665094e-001  1.2599298706977038e-002 -4.7801623679912419e-002  2.3047742937458623e-001 -1.6021907731208984e-001  2.3928121281884471e-001  7.7684390819678650e-002  4.8188073200315713e-002 -2.1702895318451215e-001 -1.6241338342437828e-001 -1.9653430779138858e-001  2.4572775262692104e-001 -1.2940425111585341e-001 -4.5560041905342546e-002  7.0940664820762694e-002 -1.5312976093578434e-001  3.3085984074678232e-001  1.5318677439425377e-001 -1.5467092670604410e-001  1.0999045619587078e-001  6.8550940572959185e-002 -2.2589361786698489e-001 -2.9718532393934077e-001  2.9040477730583980e-001  1.4577354351984662e-001
 -5.5199305349377427e-002 -3.0789037899638172e-001  1.8720975936687881e-002  4.3138152901448373e-002 -1.8982672361933733e-001 -1.5847126978090939e-001 -6.6892786382010003e-002  3.3596671667568739e-001  1.3102172579849997e-001 -1.3981949801936611e-001 -1.3592786124024125e-001 -3.2477032162601852e-002  9.3500552194445960e-002  1.7252654704517262e-001  2.2499388841778781e-001 -2.5361829054883983e-001  4.1782388961918375e-002  6.1515000741241901e-003  1.0667335672797053e-001  3.5788911803299273e-001 -2.4127886284795461e-001 -1.6774365815825679e-001 -3.0938418635358123e-002  3.0996689473261890e-001 -7.5480041063251055e-002  4.7075302616826992e-002  1.8472614208652405e-001 -3.5796221734271827e-001 -1.5152706587933664e-002 -1.2926271615660201e-001
 -1.5098863858349196e-001 -1.0019153221301277e-001  3.2864549098391652e-003 -1.9281194134713922e-002  3.5132423866991169e-001  1.4547521080012699e-001  3.0680833392103479e-001 -5.7353293120606476e-002 -2.0581732793965465e-001 -1.3888960563891420e-001  9.4694092168203542e-002 -2.7938740831448341e-002  1.4100477724108729e-001 -1.0094022409172054e-001 -2.6765670520832754e-002  1.5383102177308913e-001  3.3900048273208000e-002  1.9615342365480984e-001  1.4417373937627520e-001  2.2675238033480682e-001  7.5953384488975942e-002 -1.0156412196220539e-001  1.7671159333506836e-001  1.4063645403896738e-001 -3.5197132975332790e-001 -2.1917588421822293e-001  7.4784837781447136e-002 -1.4610760677662452e-001  1.9070870297015585e-001  4.2984757418681102e-001
 -2.2257518932903148e-001  1.0457941053840172e-001  2.6877678074648198e-001 -1.1448955318109261e-001  1.5295465132173183e-001 -1.6536086021718771e-001 -2.3744945772664922e-002  1.2241181464454663e-001 -2.6310666119451404e-001  2.4859697276719189e-001  2.6831338832811382e-002 -8.9562697497362814e-002 -2.3775410152862217e-001  2.3811929733762990e-002 -6.8616267094151334e-002  1.7967073998546901e-001 -7.9517725105239939e-002 -1.2775005539219231e-001 -4.0930924113239675e-003 -4.8182567094075285e-002 -2.5063734456334374e-001 -1.4909529978057748e-001  4.8554820090346174e-002  2.8855552488921132e-001 -1.7890179909283849e-003 -2.9076317500300314e-001 -3.2347321930391471e-001 -2.4331771936544677e-002  2.1465992162396980e-001 -3.5004567522994362e-001
 -5.9588192126654019e-002 -3.1596325750297621e-001  1.4474757732502739e-003 -1.5792773576817035e-001 -1.4384020172563639e-001  2.6746263660111919e-001 -2.5743585624401050e-001 -2.8516936280225585e-001  1.2146851714530238e-001 -6.2996574398681351e-002  2.0206792574037574e-001  3.0254834429782662e-001 -2.5881489902193244e-001 -2.1534967643574990e-001  1.0940205218716080e-001 -1.2712060971278091e-001 -1.0793529560432630e-001  4.9357068184208347e-002  3.5406564597266287e-002 -2.8466310366616077e-001 -9.0103343206528241e-002 -2.8280352670914821e-001  2.6743350271508542e-001 -3.1772171336531055e-002 -1.5937071108906203e-001  6.4325093891091367e-003  6.6306197974777464e-002 -9.1333241368442633e-002  1.8139614432535486e-001 -1.0578399944524489e-001
 -1.8453860231578473e-001 -2.9941147442668556e-003  6.3953158500437007e-002 -1.8806171438085842e-001 -2.2557509167653808e-001  5.8046493789108471e-002  1.6429244552633732e-001  1.8806403317097978e-001 -5.8368548638438919e-002 -7.7940687872052730e-002 -1.6540330370662171e-001 -1.4146583192468901e-001 -4.4734719615309018e-002 -3.2133876107015769e-001 -1.6362061968788913e-001  3.6326254876422237e-001 -1.1889659149472696e-001 -1.7025137854045902e-001 -1.1632351065709487e-001  2.3282167187404890e-001 -5.2844303295806673e-002 -7.9991950360763037e-002  3.8568619094115619e-001 -2.6949651976151939e-001  3.9802501785850639e-002  2.0262314463302861e-001  2.3891319277323211e-001 -4.6510379910412111e-003 -1.7050004497943017e-001 -1.3703215011092190e-001
 -1.5137859017235070e-001 -1.7925372494069733e-001  1.4633699519854995e-001  5.7488623302652961e-002 -9.0983672192288589e-002 -1.7436615634049377e-001 -4.3828998598120950e-002 -3.0288497222897237e-001 -1.5071330942954819e-001 -5.0804723164514370e-002 -2.4487334367625663e-001 -2.1347935560583764e-001 -6.8919630876663987e-002  1.0775350508800317e-001  1.7759359293972965e-001 -1.0840578954460478e-001  2.0761556294869937e-001 -3.7227123269119111e-001 -2.2687613810451662e-001 -4.5816806150778787e-002 -1.8684168320340833e-001 -1.7849709698918254e-001  2.0057429617526268e-002 -8.2710082494863828e-003  2.0582233728465758e-002 -2.1764071802609884e-002  1.0895237071241884e-001  3.5002376067377877e-001  7.1713747958582097e-002  3.9303440081661312e-001
 -1.1115137607795672e-001  3.5871075639168776e-002  2.9587256242537430e-001 -1.3706042858022094e-001  1.3817881545383381e-001  3.5250415066164359e-001 -6.2858757850667010e-002  8.5725512699340325e-002  2.9107212576317065e-001  6.4138223292479701e-002  2.1325402834314808e-001 -3.1119449987449949e-001  5.0183667949622146e-001  1.4534622423119828e-001  1.3363482091648715e-001  2.4186063736778380e-003 -5.0348973303366122e-002 -4.0700733730587094e-003  6.1961119242533266e-002 -1.1225896165917962e-001 -3.2327213938469414e-002 -1.4673764272954007e-001  1.4022801087067877e-001  6.2475623185656380e-002  2.9622155469984957e-001  1.0791800403572917e-001  1.9524516193839374e-002  1.5493323616652813e-001  1.1949405521251416e-001 -1.4120892611765539e-002
 -4.2251383995151048e-003 -1.6547626985959255e-001  4.0178688364348070e-001  2.6155325415232550e-001 -4.3345358454717001e-002  2.4911707128434021e-001  8.0841123819739208e-002 -2.7975596325478438e-002  2.3299794508769525e-001  2.2173927578339450e-001 -2.0844605670032218e-001 -2.0334076497246212e-001 -1.6429947434091674e-001 -5.8838857955266353e-002  1.1240247624669546e-001  1.1870879201347206e-001  2.5971846780567565e-001 -1.1863213174422760e-001  1.5861257293282954e-001 -9.7724699434235784e-002  2.5699808056653833e-001  2.3484125578275314e-001 -1.1801807223341887e-001 -8.2339841768448704e-002 -3.1345113861287049e-001 -1.1733317662734949e-001  1.0213690798834610e-001 -1.2110369219156626e-001 -8.5104517407483763e-003 -1.7531072351939983e-001
 -2.0820892775607058e-001 -1.7672713448758803e-001 -8.9803169285294207e-002 -5.4847725754081464e-002  4.3173298859545087e-002 -3.0038353513645632e-003 -3.4284686786281285e-002 -1.6623903472375265e-001  1.3653168528891732e-001 -3.3284182503954256e-002 -2.0038141896962450e-001 -6.4821562009535996e-002  9.2264519779403489e-002  2.4861464548357545e-001 -5.8786312678265687e-002 -5.0647703226471524e-002 -2.7455674040310241e-001  1.9424638203595068e-001 -1.6693172284053731e-001  2.2916567801296334e-002 -1.5620013779055478e-001  5.1929337891176264e-001  2.8679948657696902e-001  1.2612156216032369e-001 -3.2123603614782886e-001  9.2129176482739730e-002 -1.6503768863420804e-001  2.2507751936695922e-001 -4.5607195590098737e-002 -1.3351680107461805e-001
 -3.0999044289908038e-002 -3.9285400664400150e-001  9.5887223795797852e-002  7.8117349505553074e-002  3.2211103469715802e-001 -3.5159164881029265e-001 -2.9401995590045876e-001  1.8391780798767788e-002 -1.2990827486606485e-001  7.7161210502385169e-002 -5.3441885160888840e-003 -1.8502465350466321e-001 -3.9378140406095802e-002 -1.9395817405599547e-001 -2.7077350469073108e-001 -5.5558513819419467e-002 -1.8996666658239261e-001  5.1357708829767028e-002  2.0194739603440715e-001 -1.4048657521836280e-001  2.1698675525338534e-001  1.4444625403238848e-001  3.6682560425691818e-002  6.7075585196864157e-002  2.5039617260329744e-001  1.7193104339200393e-001  2.6241976305091774e-001 -5.6073219304768177e-002  4.9187742598269878e-002  5.3465616195004825e-002
 -1.6588897669411246e-001 -1.3554148350175257e-001 -1.7339914842642370e-001 -2.2656038715654100e-001 -1.2816643869812513e-002 -6.5104576691857541e-002 -1.4550477242708704e-001  1.6682875476386052e-002 -2.2899294210489973e-001  4.6924543444039103e-002  4.9869936966651660e-003 -1.4258038514777735e-001  3.8539629314160784e-001 -8.0410679158775311e-002 -8.7086677613903943e-002  7.5218854571691585e-002  4.0050542552734536e-001  1.9144714847178188e-001 -2.9365060288953054e-001 -2.6496027765726893e-001 -9.3221708723748312e-002 -2.0589483977235142e-002 -2.6701172698057218e-001 -1.9902027331049646e-001 -2.2054571113698676e-001  3.1012271899379613e-002  6.3848111009653430e-002 -1.7852640654339680e-001  6.3228629677120618e-002 -2.0141926590641943e-001
 -1.1637790007223574e-001 -2.6881765830123311e-001 -9.5999728355581904e-002  1.3871409724172179e-001 -8.3723682975259534e-002 -2.7506134057711829e-001  2.2624795297594597e-001 -5.3139836276916048e-002  2.7085288578581523e-001 -1.9527076419249484e-001  3.1592485717613235e-003  3.2194231102139531e-001  3.1715498629815114e-001 -2.7372994806682160e-002 -1.6897159665452768e-001  2.8774789342895213e-001  9.8983538385733136e-002 -1.5872029653857661e-001  2.1981392472756248e-001 -1.5954269599694249e-001  5.2669672282540887e-002 -1.1388124363117572e-001 -1.8910041803587799e-002  1.0179698276122183e-001  6.5107339114258395e-002 -2.6777327561114539e-001 -3.4446632005741509e-002  2.6487466423607570e-001 -6.6489914676638701e-002 -1.8516751196588546e-001
 -7.9212855933392931e-002 -1.6614743871346074e-001 -5.6879370483760797e-003 -4.8475978886803800e-002  9.9136646791106037e-002  2.3726929662895990e-001 -1.1754021729080289e-003 -1.6839189603537608e-001  5.9893695765105507e-003 -3.5305239556965218e-001  1.0172604356475262e-001 -2.6445951647968376e-002 -2.1197263112177156e-001  1.4484981770194583e-001 -1.1949094593358833e-001  3.6847042300901145e-001  9.0117680656445168e-002 -1.6518362057958375e-001 -5.1785584263157283e-002  5.6275682536318664e-002 -2.4831479691477150e-004  2.6241586204570566e-002 -3.3434660846887709e-001  2.7800587807792609e-001  9.5395970264752661e-002  4.6257983837963840e-001 -2.0384112935867682e-001 -1.4267275166427681e-001 -3.9233454315732816e-002  4.3143588160985211e-003
 -2.4766356021129773e-001  2.6853500748312279e-002  2.3361530038836967e-001 -4.2376567115750108e-001 -2.8031423620530005e-001 -8.8686380600121115e-002 -2.3681264290944738e-002  2.1420293789198047e-002 -7.6712368599458347e-003  5.8065738286955826e-002 -2.4232236723307604e-001  1.1010507653951311e-001  5.6388698123091371e-002  2.3793200823700511e-001 -1.7984796881923382e-001 -8.1988532660705118e-002 -1.7917835399793233e-001  2.6661352121611012e-002  3.2997454294247319e-001 -9.4069705056724046e-002  2.3384535030999654e-001 -1.1467833257290287e-001 -1.6686001984131857e-001 -1.7312053395347707e-001 -1.0553043308668192e-001  6.8003317599988664e-002 -2.3657836222474618e-001 -1.2457965685189779e-001 -5.3871524678498706e-002  2.7721165169356560e-001
 -2.4432817841135618e-001 -1.2555511851284096e-001 -3.2351459034430230e-001  1.9903665258924660e-002 -6.8454472038503356e-002  1.6589977928318206e-001  3.0577966526589223e-001 -7.8766909089884249e-002 -1.9922842563277088e-001  3.6553588993856889e-001  1.2946536482330490e-001 -6.6287179398171303e-002  1.1459159356363717e-001 -2.7597441747341578e-001  5.9584782248068832e-002 -3.5509871041026375e-001 -2.9851881755395635e-002 -3.0458888035437359e-001  2.3274995095013296e-001  6.2851177029015104e-002  2.9021005565722298e-002  5.0657484393168438e-002 -9.1846370354830051e-002  1.2347059063786905e-001 -9.6036335808449176e-003  2.1688837337018238e-001 -1.6026234404812190e-001  6.9825784849438480e-002 -9.6657414439066780e-002 -9.0844735454167019e-002
 -1.8493865657564101e-001 -2.0762812521296459e-001 -1.7807323072137823e-001 -1.2303508768407009e-001  1.1056064413879078e-001  1.8873102397203909e-001  6.0749081686650178e-002  3.5839150814599235e-001  8.5301442788445911e-002  2.6431815974031825e-001  1.6554857754865221e-001  1.9349304866612874e-001 -2.6685840604926936e-001  3.3198147141169759e-001 -1.4988561544015294e-001  5.9358351420244038e-002  1.7935054870173320e-001 -8.3928906027720671e-002  3.6262858810118835e-002 -9.1697901098209272e-002 -2.7294532306826097e-001  2.1282992211135618e-001  4.9637537983117375e-004 -1.6548366028174422e-001  1.5188807009001562e-001 -1.3570922175099126e-001  2.2972035968931162e-001  3.4503777306798426e-002 -4.5372918660572872e-002  2.2986823074951801e-001
 -1.7771398933593729e-001  1.1718495096392367e-001  8.5740370831568713e-002  1.7946247179888794e-001  1.9654885950135311e-002  2.7159700599274889e-001  1.6017470576425880e-001  9.1564919267915948e-002 -5.6987705192361036e-002  4.1377643196432071e-002 -4.4722172433163215e-001  3.5535720863557985e-001  8.2139051801583221e-002 -5.3956060770497034e-002 -2.2824873880467800e-001 -1.7910543389736869e-001 -6.1027846340605721e-002  5.2864618588111797e-002 -3.4632399969999761e-001 -1.7290990382038451e-001  1.1885343803287149e-001 -4.8580085731561501e-002 -4.3700081046228641e-002  2.8536591264762584e-001  1.9149608204169979e-001  6.0965199723113914e-002  1.8588197336967846e-001 -7.5275418290607479e-002  2.1224562593764573e-001 -3.8576988885966196e-003
 -1.6194330805082527e-001  1.3762608033080523e-001 -4.6940862312477981e-002  1.6208522073692719e-001  3.7033957372417098e-001 -1.2135679931825777e-001 -7.5235030591478153e-002 -2.0708413581170379e-001  3.7628615452644176e-002  1.8203405029325107e-001 -1.2529569407214111e-001  2.7908707391362858e-001  1.8798904584709664e-001  1.2065701013551343e-001  3.4504702991087494e-001  2.1735161360489638e-001 -2.6648015191451352e-001 -2.5889618139158688e-001  2.2491269765770053e-002 -1.3205783341618139e-002 -1.4753336590465560e-001 -3.9877240401929949e-002 -4.0615494895814327e-002 -2.7190798384774401e-001 -4.8039645853625558e-002  1.4034135156827948e-001  1.0178769187757732e-001 -3.2660587996606311e-001 -6.4740833870489942e-002 -2.6668897283246555e-002
 -2.5369897483135639e-001  6.1921801045970372e-002 -1.7556715335858600e-001  1.5121978978894962e-001  2.3768095026780242e-001 -1.4455153412951810e-001 -7.6377014557299228e-003 -1.8464028524801859e-002  3.3818698139609443e-001  1.6831766043186794e-001  4.3548837961464880e-002 -1.1524376908504004e-001 -1.9969158056286634e-001  1.8583024609224111e-001 -2.0668120781492633e-001 -1.3362243279128105e-001  2.0089887793280597e-001  1.1104680579706412e-001 -1.8705784212893889e-001  1.3764813358723529e-001  3.0067380069458410e-001 -4.5129320064608203e-001  1.7064442916032502e-001 -7.9683329738666403e-002 -1.1668062081470205e-001  1.5216803534993764e-001 -1.1377465592337718e-001  2.4294727630068562e-002 -1.1872241495260158e-001 -8.3042277499450132e-002
 -3.0412124074595248e-001  1.5450436661860006e-001 -2.0383726011183786e-001 -1.4913739978457510e-001 -1.9327527335769534e-001 -1.1938975096695648e-001  1.9654084387506952e-002 -2.5810799027643155e-001  3.0120265774535615e-001  2.0007706071810027e-001 -5.6638262708128828e-002 -1.3864036096845062e-001 -1.5983814978182492e-001 -1.8176359506615303e-001  2.0110184965896807e-001  2.2876785881873848e-001 -5.3732497624510045e-002  3.4020908232937891e-001  5.2256701742173096e-002  1.3934646140234197e-001 -2.0219380073668393e-002  6.4978497118238568e-002 -2.6237746476462193e-001  1.6963476769004834e-001  2.1496221826768408e-001 -8.9088142112775381e-002  2.3276410674917178e-001  3.2882928639604667e-002  1.9870873144604384e-001  6.9053835138275413e-002
