 -8.9133674363816029e-002  6.5685187760849484e-001  5.4495070521357458e-001 -8.3111033178321719e-002 -2.5452191123221196e-001 -1.6541816797477402e-001  3.3217364833654683e-001  1.9574236038310405e-001 -7.2602652035625992e-002  1.0320833810435744e-001
 -3.7931907520174579e-001 -1.1201073138834935e-001  4.3909038596493122e-001  5.0448943852663873e-002  4.8024234524017545e-001  5.8054592638937108e-001  1.5207869754841133e-001 -1.7890956534358404e-001 -1.5509522380837085e-001 -3.6983755657859496e-002
 -1.4183503017188037e-001 -6.7268856426534518e-002 -8.6424719121427657e-002  2.1218268749695149e-001  1.5842568653916358e-001 -3.7882584170210709e-001  2.0959494808584694e-001 -4.1973466996930220e-001 -1.8644920166845347e-001  7.0667442537967606e-001
 -4.5549406886962618e-001  2.7324725746508993e-001 -5.5187606992450111e-001 -4.5254724908782122e-003 -8.4553317953007495e-002  3.5054915423917954e-001 -1.9204772351927857e-002  4.1734373879774050e-001 -1.6516983060527385e-001  2.8533094365002415e-001
 -3.9795596648934117e-001 -4.4937224369642076e-001  3.9024010497102923e-001  1.4445697547663047e-001 -1.6716620020472139e-001 -2.5494093943578577e-001 -3.8052731186785982e-001  4.4311117661110577e-001  5.2342071163056260e-002  1.7237405436764713e-001
 -3.7216478617788967e-001 -1.0521076003479263e-002 -1.8189764924101084e-001  5.0710489391752815e-002  2.4494624925040920e-001 -4.9304734054013466e-001  2.2534246322552709e-001  6.5776377861743077e-002 -3.8850677727729271e-001 -5.6266042309020436e-001
 -1.1687549026346454e-001  3.4851066268748188e-001 -5.3345091557549178e-002  6.1984406699412664e-001  3.1126036106321420e-001 -9.0457482361709779e-002 -1.3325469554756139e-001  1.3348357704953247e-002  5.8743156288818399e-001 -9.8750541705531089e-002
 -4.4285038058090564e-001 -5.6197995799016465e-002 -7.7389172349214275e-002 -5.9929314133417388e-001 -8.6603550565646503e-003 -1.2725729544754971e-001  1.5168545601243652e-001 -2.0715402600544880e-001  5.9446765919271394e-001 -1.2188371833714781e-003
 -1.9088897576951730e-001  3.6746386695464733e-001  5.4296957264578546e-002 -1.6505246495705048e-001 -3.4035877746485262e-002 -5.5537433106610523e-002 -7.4426291068793282e-001 -4.2417739731496307e-001 -2.3720836535293269e-001 -6.3062104260693974e-002
 -2.7836969036268605e-001 -1.2294855622548492e-001 -3.2169807650781090e-002  3.8918487011815045e-001 -6.9733655160405805e-001  1.8346003577740522e-001  1.7877650592791286e-001 -3.9450199750246395e-001  1.4740855588814935e-002 -2.1713636152675522e-001
