           -8.913367e-02             6.568519e-01             5.449507e-01            -8.311103e-02            -2.545219e-01            -1.654182e-01             3.321736e-01             1.957424e-01            -7.260265e-02             1.032083e-01 
           -3.793191e-01            -1.120107e-01             4.390904e-01             5.044894e-02             4.802423e-01             5.805459e-01             1.520787e-01            -1.789096e-01            -1.550952e-01            -3.698376e-02 
           -1.418350e-01            -6.726886e-02            -8.642472e-02             2.121827e-01             1.584257e-01            -3.788258e-01             2.095949e-01            -4.197347e-01            -1.864492e-01             7.066744e-01 
           -4.554941e-01             2.732473e-01            -5.518761e-01            -4.525472e-03            -8.455332e-02             3.505492e-01            -1.920477e-02             4.173437e-01            -1.651698e-01             2.853309e-01 
           -3.979560e-01            -4.493722e-01             3.902401e-01             1.444570e-01            -1.671662e-01            -2.549409e-01            -3.805273e-01             4.431112e-01             5.234207e-02             1.723741e-01 
           -3.721648e-01            -1.052108e-02            -1.818976e-01             5.071049e-02             2.449462e-01            -4.930473e-01             2.253425e-01             6.577638e-02            -3.885068e-01            -5.626604e-01 
           -1.168755e-01             3.485107e-01            -5.334509e-02             6.198441e-01             3.112604e-01            -9.045748e-02            -1.332547e-01             1.334836e-02             5.874316e-01            -9.875054e-02 
           -4.428504e-01            -5.619800e-02            -7.738917e-02            -5.992931e-01            -8.660355e-03            -1.272573e-01             1.516855e-01            -2.071540e-01             5.944677e-01            -1.218837e-03 
           -1.908890e-01             3.674639e-01             5.429696e-02            -1.650525e-01            -3.403588e-02            -5.553743e-02            -7.442629e-01            -4.241774e-01            -2.372084e-01            -6.306210e-02 
           -2.783697e-01            -1.229486e-01            -3.216981e-02             3.891849e-01            -6.973366e-01             1.834600e-01             1.787765e-01            -3.945020e-01             1.474086e-02            -2.171364e-01 
