           -2.472199e-01             2.767923e-01             5.254097e-02             3.962540e-01            -1.493995e-01             5.221736e-03            -1.307479e-01             1.076916e-01            -1.986787e-01            -4.571830e-02             2.610153e-02             1.132081e-02            -3.433893e-02            -4.672954e-03             4.277830e-02             1.106799e-01             1.538081e-01             2.972590e-01             3.414540e-01            -2.977830e-01            -2.398028e-01            -6.407784e-02             1.292487e-01             1.389014e-01            -1.134450e-01             2.696609e-01             6.452643e-02             1.221129e-01            -2.560017e-01             9.328637e-02 
           -2.952479e-01             1.149866e-02            -3.083980e-01             8.319590e-02            -9.453159e-02             6.080028e-02            -1.079818e-01             1.758542e-01            -2.232000e-01            -3.053465e-01            -3.603038e-02            -1.185772e-01            -7.816828e-02             1.987839e-01             3.564112e-01             4.414042e-02             1.215139e-02            -9.858034e-02             3.917868e-02            -1.303507e-01             4.502898e-01             1.228345e-01             2.051816e-01            -8.635290e-02             1.890239e-01            -1.649919e-01            -8.275479e-02            -8.020224e-02             1.998946e-01            -1.021925e-01 
           -4.789599e-02            -2.398975e-01            -1.109500e-01             3.901050e-01            -1.038781e-02             1.828024e-01            -4.078397e-02             1.885611e-01             6.857690e-02            -7.710489e-02            -1.666026e-01            -1.815611e-01            -2.249894e-02            -1.465643e-01            -8.438680e-02             2.862563e-02            -3.030749e-01             1.664139e-01             8.884847e-03             4.899369e-02            -2.491602e-01            -1.739437e-01            -2.679848e-01            -3.762876e-01             5.072042e-02            -8.403475e-02            -3.376811e-01             7.845099e-02             1.948689e-01             8.977361e-02 
           -9.401456e-02            -5.190765e-02            -5.586852e-03            -1.678350e-01             1.998184e-01             1.756502e-02            -2.389172e-01             2.713807e-01             2.007083e-01            -1.007106e-02            -1.519569e-01             8.733043e-02            -1.756643e-03            -4.308480e-01             2.631054e-01             3.126159e-02             8.259135e-02            -3.187716e-02            -1.841123e-01            -9.097468e-02             5.644162e-02             5.983508e-02             7.928225e-03             1.954830e-01             2.387238e-02            -1.344220e-01            -3.075457e-01            -7.669812e-03            -4.271109e-01             2.675913e-01 
           -2.060396e-01            -7.507440e-02             1.745936e-01             1.103147e-01            -8.719165e-02            -2.764237e-03             2.782023e-01            -1.976247e-01            -6.356790e-02            -1.399738e-01             2.673721e-01            -1.845946e-01            -5.156161e-02             8.777673e-02            -2.401461e-02            -1.499129e-01            -2.615047e-01             1.171853e-01            -2.420161e-01            -1.799513e-01            -2.225713e-02            -1.575449e-02            -9.913633e-02            -2.440980e-02             1.557701e-01            -2.991187e-01             9.102170e-02            -2.728591e-01            -4.914325e-01            -1.919952e-02 
           -1.495788e-02            -2.144425e-01             1.992529e-01             1.806668e-01            -2.838802e-01            -1.662027e-01             2.914838e-02             2.134144e-01            -1.027514e-01             2.891610e-01             3.804031e-01             2.123880e-01             7.360394e-02             4.397461e-02             2.058451e-01             2.261133e-01            -1.614189e-01             8.979760e-02            -3.536400e-01             7.845644e-02             2.468040e-01             1.625926e-02            -4.545275e-02             5.003729e-02            -1.204659e-01             2.011914e-01            -6.482262e-02             1.194300e-01             1.142248e-01             1.562645e-01 
           -2.803162e-01             2.300094e-01             2.437394e-02             5.489271e-02             5.058487e-03             1.346990e-01            -4.258107e-01             8.211008e-02             9.927714e-03            -1.702544e-01             2.230118e-01             4.546001e-02             5.184084e-02            -6.290892e-02            -2.007519e-01            -9.610361e-02            -1.858613e-01            -2.714829e-01            -2.511727e-02             2.325399e-01             9.192778e-02             3.422364e-02            -3.007783e-01             3.438807e-02            -2.969784e-01            -1.892773e-01             2.769172e-01             2.301696e-01            -3.689165e-02            -4.844962e-02 
           -9.303783e-02            -1.616828e-01             1.485594e-01             9.084022e-02            -4.838083e-02             2.034917e-01            -2.953386e-01            -2.852796e-01            -2.579675e-01             1.501497e-01            -6.415379e-02             2.367443e-01             1.198853e-01             5.922051e-02            -4.564594e-02             3.651318e-02             2.467140e-01             2.065795e-01             5.891832e-02             4.790967e-01             4.188714e-02             3.680100e-02             9.134310e-02            -9.927097e-02             3.226747e-01            -1.557706e-01            -1.341490e-01             2.568564e-02            -1.935208e-01            -9.810900e-02 
           -1.841764e-01            -3.778662e-02             2.863132e-01            -1.738265e-01             3.070473e-01            -1.009330e-01             2.668620e-01             1.130767e-01            -6.768948e-02            -2.637594e-01             1.917505e-02             2.073177e-01            -1.669473e-01            -8.451322e-02             2.939407e-01            -2.263679e-01             7.904823e-02             2.267911e-01             4.724770e-02             8.021304e-02             3.347327e-03             3.736687e-02            -2.037044e-01            -2.472118e-01             3.327551e-02             1.706732e-01             6.551763e-02             3.322015e-01             2.608241e-02            -2.406309e-01 
           -2.586975e-01             1.752683e-01             1.960417e-01             1.501330e-01            -1.034346e-01            -2.132203e-01             1.259930e-02            -4.780162e-02             2.304774e-01            -1.602191e-01             2.392812e-01             7.768439e-02             4.818807e-02            -2.170290e-01            -1.624134e-01            -1.965343e-01             2.457278e-01            -1.294043e-01            -4.556004e-02             7.094066e-02            -1.531298e-01             3.308598e-01             1.531868e-01            -1.546709e-01             1.099905e-01             6.855094e-02            -2.258936e-01            -2.971853e-01             2.904048e-01             1.457735e-01 
           -5.519931e-02            -3.078904e-01             1.872098e-02             4.313815e-02            -1.898267e-01            -1.584713e-01            -6.689279e-02             3.359667e-01             1.310217e-01            -1.398195e-01            -1.359279e-01            -3.247703e-02             9.350055e-02             1.725265e-01             2.249939e-01            -2.536183e-01             4.178239e-02             6.151500e-03             1.066734e-01             3.578891e-01            -2.412789e-01            -1.677437e-01            -3.093842e-02             3.099669e-01            -7.548004e-02             4.707530e-02             1.847261e-01            -3.579622e-01            -1.515271e-02            -1.292627e-01 
           -1.509886e-01            -1.001915e-01             3.286455e-03            -1.928119e-02             3.513242e-01             1.454752e-01             3.068083e-01            -5.735329e-02            -2.058173e-01            -1.388896e-01             9.469409e-02            -2.793874e-02             1.410048e-01            -1.009402e-01            -2.676567e-02             1.538310e-01             3.390005e-02             1.961534e-01             1.441737e-01             2.267524e-01             7.595338e-02            -1.015641e-01             1.767116e-01             1.406365e-01            -3.519713e-01            -2.191759e-01             7.478484e-02            -1.461076e-01             1.907087e-01             4.298476e-01 
           -2.225752e-01             1.045794e-01             2.687768e-01            -1.144896e-01             1.529547e-01            -1.653609e-01            -2.374495e-02             1.224118e-01            -2.631067e-01             2.485970e-01             2.683134e-02            -8.956270e-02            -2.377541e-01             2.381193e-02            -6.861627e-02             1.796707e-01            -7.951773e-02            -1.277501e-01            -4.093092e-03            -4.818257e-02            -2.506373e-01            -1.490953e-01             4.855482e-02             2.885555e-01            -1.789018e-03            -2.907632e-01            -3.234732e-01            -2.433177e-02             2.146599e-01            -3.500457e-01 
           -5.958819e-02            -3.159633e-01             1.447476e-03            -1.579277e-01            -1.438402e-01             2.674626e-01            -2.574359e-01            -2.851694e-01             1.214685e-01            -6.299657e-02             2.020679e-01             3.025483e-01            -2.588149e-01            -2.153497e-01             1.094021e-01            -1.271206e-01            -1.079353e-01             4.935707e-02             3.540656e-02            -2.846631e-01            -9.010334e-02            -2.828035e-01             2.674335e-01            -3.177217e-02            -1.593707e-01             6.432509e-03             6.630620e-02            -9.133324e-02             1.813961e-01            -1.057840e-01 
           -1.845386e-01            -2.994115e-03             6.395316e-02            -1.880617e-01            -2.255751e-01             5.804649e-02             1.642924e-01             1.880640e-01            -5.836855e-02            -7.794069e-02            -1.654033e-01            -1.414658e-01            -4.473472e-02            -3.213388e-01            -1.636206e-01             3.632625e-01            -1.188966e-01            -1.702514e-01            -1.163235e-01             2.328217e-01            -5.284430e-02            -7.999195e-02             3.856862e-01            -2.694965e-01             3.980250e-02             2.026231e-01             2.389132e-01            -4.651038e-03            -1.705000e-01            -1.370322e-01 
           -1.513786e-01            -1.792537e-01             1.463370e-01             5.748862e-02            -9.098367e-02            -1.743662e-01            -4.382900e-02            -3.028850e-01            -1.507133e-01            -5.080472e-02            -2.448733e-01            -2.134794e-01            -6.891963e-02             1.077535e-01             1.775936e-01            -1.084058e-01             2.076156e-01            -3.722712e-01            -2.268761e-01            -4.581681e-02            -1.868417e-01            -1.784971e-01             2.005743e-02            -8.271008e-03             2.058223e-02            -2.176407e-02             1.089524e-01             3.500238e-01             7.171375e-02             3.930344e-01 
           -1.111514e-01             3.587108e-02             2.958726e-01            -1.370604e-01             1.381788e-01             3.525042e-01            -6.285876e-02             8.572551e-02             2.910721e-01             6.413822e-02             2.132540e-01            -3.111945e-01             5.018367e-01             1.453462e-01             1.336348e-01             2.418606e-03            -5.034897e-02            -4.070073e-03             6.196112e-02            -1.122590e-01            -3.232721e-02            -1.467376e-01             1.402280e-01             6.247562e-02             2.962216e-01             1.079180e-01             1.952452e-02             1.549332e-01             1.194941e-01            -1.412089e-02 
           -4.225138e-03            -1.654763e-01             4.017869e-01             2.615533e-01            -4.334536e-02             2.491171e-01             8.084112e-02            -2.797560e-02             2.329979e-01             2.217393e-01            -2.084461e-01            -2.033408e-01            -1.642995e-01            -5.883886e-02             1.124025e-01             1.187088e-01             2.597185e-01            -1.186321e-01             1.586126e-01            -9.772470e-02             2.569981e-01             2.348413e-01            -1.180181e-01            -8.233984e-02            -3.134511e-01            -1.173332e-01             1.021369e-01            -1.211037e-01            -8.510452e-03            -1.753107e-01 
           -2.082089e-01            -1.767271e-01            -8.980317e-02            -5.484773e-02             4.317330e-02            -3.003835e-03            -3.428469e-02            -1.662390e-01             1.365317e-01            -3.328418e-02            -2.003814e-01            -6.482156e-02             9.226452e-02             2.486146e-01            -5.878631e-02            -5.064770e-02            -2.745567e-01             1.942464e-01            -1.669317e-01             2.291657e-02            -1.562001e-01             5.192934e-01             2.867995e-01             1.261216e-01            -3.212360e-01             9.212918e-02            -1.650377e-01             2.250775e-01            -4.560720e-02            -1.335168e-01 
           -3.099904e-02            -3.928540e-01             9.588722e-02             7.811735e-02             3.221110e-01            -3.515916e-01            -2.940200e-01             1.839178e-02            -1.299083e-01             7.716121e-02            -5.344189e-03            -1.850247e-01            -3.937814e-02            -1.939582e-01            -2.707735e-01            -5.555851e-02            -1.899667e-01             5.135771e-02             2.019474e-01            -1.404866e-01             2.169868e-01             1.444463e-01             3.668256e-02             6.707559e-02             2.503962e-01             1.719310e-01             2.624198e-01            -5.607322e-02             4.918774e-02             5.346562e-02 
           -1.658890e-01            -1.355415e-01            -1.733991e-01            -2.265604e-01            -1.281664e-02            -6.510458e-02            -1.455048e-01             1.668288e-02            -2.289929e-01             4.692454e-02             4.986994e-03            -1.425804e-01             3.853963e-01            -8.041068e-02            -8.708668e-02             7.521885e-02             4.005054e-01             1.914471e-01            -2.936506e-01            -2.649603e-01            -9.322171e-02            -2.058948e-02            -2.670117e-01            -1.990203e-01            -2.205457e-01             3.101227e-02             6.384811e-02            -1.785264e-01             6.322863e-02            -2.014193e-01 
           -1.163779e-01            -2.688177e-01            -9.599973e-02             1.387141e-01            -8.372368e-02            -2.750613e-01             2.262480e-01            -5.313984e-02             2.708529e-01            -1.952708e-01             3.159249e-03             3.219423e-01             3.171550e-01            -2.737299e-02            -1.689716e-01             2.877479e-01             9.898354e-02            -1.587203e-01             2.198139e-01            -1.595427e-01             5.266967e-02            -1.138812e-01            -1.891004e-02             1.017970e-01             6.510734e-02            -2.677733e-01            -3.444663e-02             2.648747e-01            -6.648991e-02            -1.851675e-01 
           -7.921286e-02            -1.661474e-01            -5.687937e-03            -4.847598e-02             9.913665e-02             2.372693e-01            -1.175402e-03            -1.683919e-01             5.989370e-03            -3.530524e-01             1.017260e-01            -2.644595e-02            -2.119726e-01             1.448498e-01            -1.194909e-01             3.684704e-01             9.011768e-02            -1.651836e-01            -5.178558e-02             5.627568e-02            -2.483148e-04             2.624159e-02            -3.343466e-01             2.780059e-01             9.539597e-02             4.625798e-01            -2.038411e-01            -1.426728e-01            -3.923345e-02             4.314359e-03 
           -2.476636e-01             2.685350e-02             2.336153e-01            -4.237657e-01            -2.803142e-01            -8.868638e-02            -2.368126e-02             2.142029e-02            -7.671237e-03             5.806574e-02            -2.423224e-01             1.101051e-01             5.638870e-02             2.379320e-01            -1.798480e-01            -8.198853e-02            -1.791784e-01             2.666135e-02             3.299745e-01            -9.406971e-02             2.338454e-01            -1.146783e-01            -1.668600e-01            -1.731205e-01            -1.055304e-01             6.800332e-02            -2.365784e-01            -1.245797e-01            -5.387152e-02             2.772117e-01 
           -2.443282e-01            -1.255551e-01            -3.235146e-01             1.990367e-02            -6.845447e-02             1.658998e-01             3.057797e-01            -7.876691e-02            -1.992284e-01             3.655359e-01             1.294654e-01            -6.628718e-02             1.145916e-01            -2.759744e-01             5.958478e-02            -3.550987e-01            -2.985188e-02            -3.045889e-01             2.327500e-01             6.285118e-02             2.902101e-02             5.065748e-02            -9.184637e-02             1.234706e-01            -9.603634e-03             2.168884e-01            -1.602623e-01             6.982578e-02            -9.665741e-02            -9.084474e-02 
           -1.849387e-01            -2.076281e-01            -1.780732e-01            -1.230351e-01             1.105606e-01             1.887310e-01             6.074908e-02             3.583915e-01             8.530144e-02             2.643182e-01             1.655486e-01             1.934930e-01            -2.668584e-01             3.319815e-01            -1.498856e-01             5.935835e-02             1.793505e-01            -8.392891e-02             3.626286e-02            -9.169790e-02            -2.729453e-01             2.128299e-01             4.963754e-04            -1.654837e-01             1.518881e-01            -1.357092e-01             2.297204e-01             3.450378e-02            -4.537292e-02             2.298682e-01 
           -1.777140e-01             1.171850e-01             8.574037e-02             1.794625e-01             1.965489e-02             2.715970e-01             1.601747e-01             9.156492e-02            -5.698771e-02             4.137764e-02            -4.472217e-01             3.553572e-01             8.213905e-02            -5.395606e-02            -2.282487e-01            -1.791054e-01            -6.102785e-02             5.286462e-02            -3.463240e-01            -1.729099e-01             1.188534e-01            -4.858009e-02            -4.370008e-02             2.853659e-01             1.914961e-01             6.096520e-02             1.858820e-01            -7.527542e-02             2.122456e-01            -3.857699e-03 
           -1.619433e-01             1.376261e-01            -4.694086e-02             1.620852e-01             3.703396e-01            -1.213568e-01            -7.523503e-02            -2.070841e-01             3.762862e-02             1.820341e-01            -1.252957e-01             2.790871e-01             1.879890e-01             1.206570e-01             3.450470e-01             2.173516e-01            -2.664802e-01            -2.588962e-01             2.249127e-02            -1.320578e-02            -1.475334e-01            -3.987724e-02            -4.061549e-02            -2.719080e-01            -4.803965e-02             1.403414e-01             1.017877e-01            -3.266059e-01            -6.474083e-02            -2.666890e-02 
           -2.536990e-01             6.192180e-02            -1.755672e-01             1.512198e-01             2.376810e-01            -1.445515e-01            -7.637701e-03            -1.846403e-02             3.381870e-01             1.683177e-01             4.354884e-02            -1.152438e-01            -1.996916e-01             1.858302e-01            -2.066812e-01            -1.336224e-01             2.008989e-01             1.110468e-01            -1.870578e-01             1.376481e-01             3.006738e-01            -4.512932e-01             1.706444e-01            -7.968333e-02            -1.166806e-01             1.521680e-01            -1.137747e-01             2.429473e-02            -1.187224e-01            -8.304228e-02 
           -3.041212e-01             1.545044e-01            -2.038373e-01            -1.491374e-01            -1.932753e-01            -1.193898e-01             1.965408e-02            -2.581080e-01             3.012027e-01             2.000771e-01            -5.663826e-02            -1.386404e-01            -1.598381e-01            -1.817636e-01             2.011018e-01             2.287679e-01            -5.373250e-02             3.402091e-01             5.225670e-02             1.393465e-01            -2.021938e-02             6.497850e-02            -2.623775e-01             1.696348e-01             2.149622e-01            -8.908814e-02             2.327641e-01             3.288293e-02             1.987087e-01             6.905384e-02 
