               -0.089134                 0.656852                 0.544951                -0.083111                -0.254522                -0.165418                 0.332174                 0.195742                -0.072603                 0.103208 
               -0.379319                -0.112011                 0.439090                 0.050449                 0.480242                 0.580546                 0.152079                -0.178910                -0.155095                -0.036984 
               -0.141835                -0.067269                -0.086425                 0.212183                 0.158426                -0.378826                 0.209595                -0.419735                -0.186449                 0.706674 
               -0.455494                 0.273247                -0.551876                -0.004525                -0.084553                 0.350549                -0.019205                 0.417344                -0.165170                 0.285331 
               -0.397956                -0.449372                 0.390240                 0.144457                -0.167166                -0.254941                -0.380527                 0.443111                 0.052342                 0.172374 
               -0.372165                -0.010521                -0.181898                 0.050710                 0.244946                -0.493047                 0.225342                 0.065776                -0.388507                -0.562660 
               -0.116875                 0.348511                -0.053345                 0.619844                 0.311260                -0.090457                -0.133255                 0.013348                 0.587432                -0.098751 
               -0.442850                -0.056198                -0.077389                -0.599293                -0.008660                -0.127257                 0.151685                -0.207154                 0.594468                -0.001219 
               -0.190889                 0.367464                 0.054297                -0.165052                -0.034036                -0.055537                -0.744263                -0.424177                -0.237208                -0.063062 
               -0.278370                -0.122949                -0.032170                 0.389185                -0.697337                 0.183460                 0.178777                -0.394502                 0.014741                -0.217136 
