               -0.326847                 0.161462                -0.087056                 0.478703                -0.054691                -0.292463                 0.512003                 0.506819                 0.065866                 0.135972 
               -0.110754                -0.018014                 0.305778                 0.151767                 0.625432                 0.578451                 0.187452                 0.069237                -0.309085                 0.098181 
               -0.396320                -0.535549                -0.365573                 0.023396                 0.416346                -0.166429                -0.308607                -0.009626                 0.245805                 0.255212 
               -0.382476                -0.076690                -0.030376                -0.065962                 0.089153                 0.067639                 0.216459                -0.136271                 0.217815                -0.846857 
               -0.365203                 0.153068                 0.150181                -0.346132                -0.170720                 0.210699                 0.360537                -0.363328                 0.423633                 0.431088 
               -0.272627                 0.152611                 0.591134                 0.039622                 0.194485                -0.599984                -0.170753                -0.289111                -0.201880                 0.008526 
               -0.312834                 0.126677                 0.278302                -0.395725                -0.127457                 0.147186                -0.408304                 0.661474                 0.091687                -0.038226 
               -0.063064                 0.590168                -0.509941                -0.405793                 0.376053                -0.162414                 0.044848                -0.002576                -0.230623                 0.004113 
               -0.374264                -0.335260                -0.142409                -0.199890                -0.386692                 0.034123                 0.148089                -0.061613                -0.713244                 0.046405 
               -0.357677                 0.396795                -0.185981                 0.510208                -0.224478                 0.306602                -0.459156                -0.250468                -0.041641                 0.005628 
