 -3.2684715521321395e-001  1.6146162141708106e-001 -8.7055939724319270e-002  4.7870339990588978e-001 -5.4690814423889234e-002 -2.9246337045500637e-001  5.1200300656530473e-001  5.0681927751664080e-001  6.5866211447517128e-002  1.3597159766125283e-001
 -1.1075436536031628e-001 -1.8014446934436178e-002  3.0577753868221114e-001  1.5176714811965075e-001  6.2543191703095957e-001  5.7845092838179535e-001  1.8745190378028082e-001  6.9237227736054160e-002 -3.0908520377580900e-001  9.8181196412630622e-002
 -3.9631989913515903e-001 -5.3554938748563352e-001 -3.6557295751167213e-001  2.3395866586467959e-002  4.1634555537817142e-001 -1.6642915703289202e-001 -3.0860699511426581e-001 -9.6258828172688937e-003  2.4580522795308124e-001  2.5521168926937121e-001
 -3.8247591581586710e-001 -7.6690009266578360e-002 -3.0375977665384576e-002 -6.5962316707471574e-002  8.9152738371618356e-002  6.7639223688358160e-002  2.1645882931332694e-001 -1.3627067890313929e-001  2.1781484540821261e-001 -8.4685676717967906e-001
 -3.6520327098497757e-001  1.5306769728870306e-001  1.5018080901430947e-001 -3.4613158157916213e-001 -1.7071970416529339e-001  2.1069888151433341e-001  3.6053727011348491e-001 -3.6332831217037109e-001  4.2363284740154672e-001  4.3108803360943487e-001
 -2.7262715020952644e-001  1.5261137884800752e-001  5.9113388256828836e-001  3.9622045917797638e-002  1.9448496329390655e-001 -5.9998409956581000e-001 -1.7075276991021043e-001 -2.8911066857686513e-001 -2.0188000243015050e-001  8.5256785286854202e-003
 -3.1283367512958477e-001  1.2667695515713201e-001  2.7830244233992607e-001 -3.9572517870658103e-001 -1.2745659385773048e-001  1.4718641512507541e-001 -4.0830411812568301e-001  6.6147438007251491e-001  9.1687242513907224e-002 -3.8225532522289898e-002
 -6.3063524556866091e-002  5.9016831557287985e-001 -5.0994123531511271e-001 -4.0579305101396990e-001  3.7605299229134848e-001 -1.6241413148382175e-001  4.4848268725669029e-002 -2.5760206343076360e-003 -2.3062341763044550e-001  4.1134501260931110e-003
 -3.7426361353600957e-001 -3.3525961231104462e-001 -1.4240918056086713e-001 -1.9988970855292507e-001 -3.8669214414055741e-001  3.4122696161992372e-002  1.4808850884678421e-001 -6.1613391445353244e-002 -7.1324361769893296e-001  4.6404981016224006e-002
 -3.5767717014345629e-001  3.9679524735730909e-001 -1.8598075922435131e-001  5.1020790143162431e-001 -2.2447835246964018e-001  3.0660150652749268e-001 -4.5915634015512141e-001 -2.5046841755926896e-001 -4.1640939720368572e-002  5.6278641948160762e-003
 