           -2.256151e-02            -6.969981e-02            -1.267631e-01             3.407231e-01            -4.139953e-02            -1.047741e-01            -1.205950e-01             1.727625e-01             1.718474e-01            -1.380405e-01             2.590421e-01             1.065968e-01             5.996691e-02             1.337436e-01             1.492813e-01             2.783286e-01             2.239097e-01             6.059294e-02            -1.068366e-02            -2.098177e-01             2.334396e-01             2.590144e-01            -1.741029e-01            -2.961453e-01             1.676434e-02            -2.140302e-01             6.914192e-03             3.544350e-01             2.168674e-01            -2.771705e-02 
           -9.789812e-02            -3.230318e-01            -2.954348e-01            -1.731546e-01             6.966953e-02            -1.608430e-01            -1.078955e-01             4.860950e-02            -2.380676e-01            -2.894948e-01             1.957009e-01             1.003571e-01             2.807118e-02            -1.152573e-01            -3.314150e-01             9.921686e-03            -2.790371e-02             1.936731e-01            -2.006917e-01            -3.084255e-01            -1.540505e-02            -6.305164e-02             3.446183e-02             3.561190e-01             9.791268e-02            -2.266252e-01             1.025540e-01             2.418731e-02            -1.816208e-01            -1.632143e-02 
           -1.133090e-01            -3.449206e-01            -2.229822e-01             3.391125e-02            -4.305177e-02             8.909487e-02            -2.330525e-01            -9.458528e-02             1.460003e-01            -2.160776e-01            -2.021784e-01             1.373083e-01            -1.042955e-01            -2.043184e-01             2.269455e-01            -2.795812e-01             1.049532e-01             8.977402e-02             1.515353e-02             3.540241e-01             2.604234e-01            -1.741319e-01            -3.347623e-01            -1.505062e-01             4.416152e-02            -3.858448e-02             1.633649e-02            -2.115563e-01            -8.476074e-02            -3.310816e-02 
           -2.839006e-01            -9.822106e-02            -1.119387e-01            -1.133482e-01            -2.540979e-01            -2.159134e-01             3.212898e-01            -1.758997e-01            -2.847975e-02             1.173946e-01            -4.426313e-02            -2.012782e-01             1.902185e-01             4.194624e-03            -1.992491e-01            -1.192587e-01             3.878736e-01             1.825066e-01            -6.430029e-03             1.450026e-01             3.714528e-02            -6.929045e-02             5.960118e-03             2.569661e-02            -1.208131e-01            -3.522954e-02            -3.935791e-01             1.215735e-01             2.780402e-01             1.315604e-01 
           -1.236186e-01            -1.717580e-01            -2.502112e-02             2.118470e-01            -2.622134e-01            -8.510084e-03            -3.314987e-01            -3.450290e-01             1.894931e-01             2.069617e-01             1.315207e-01             2.899841e-03             3.210896e-02             2.297255e-01             2.305964e-01             2.305997e-01             6.000972e-02             8.503775e-03             7.054393e-02             1.725573e-03            -1.862668e-02            -1.305060e-01             3.724243e-01             3.132627e-01             7.737125e-03            -6.469815e-02             9.725509e-02            -2.117195e-01            -1.578406e-02             1.846661e-01 
           -1.219698e-01            -3.404437e-01             1.750298e-01             4.538293e-02             2.355731e-01            -3.271153e-01             2.872168e-01             2.092425e-01             3.921995e-02             3.909278e-02             1.402554e-01             7.117244e-02             1.312260e-01             7.072697e-02             2.987338e-01            -9.545906e-02             8.142343e-02            -1.557216e-04            -1.684346e-01            -6.113575e-02            -1.132157e-01            -3.454407e-01             2.089655e-01            -2.445637e-01            -1.716173e-01             1.912224e-01             1.909360e-01            -1.785638e-02            -1.452805e-01            -3.328740e-02 
           -1.262472e-01            -8.452393e-02             8.650788e-02             2.061970e-02             3.585057e-01             7.958561e-02            -4.413059e-02            -2.572746e-02             2.492113e-01             1.958021e-01             5.777389e-02            -9.757858e-02            -1.954744e-01             4.875827e-02            -1.663016e-01             1.548985e-01            -9.631420e-02             4.697349e-02            -9.704494e-02            -1.145400e-01             1.494057e-01            -1.606178e-03            -2.574706e-01             1.560680e-01            -6.176526e-01            -8.443644e-02            -1.684055e-01            -2.080933e-01             3.778995e-02            -1.314875e-01 
           -1.057265e-01            -9.392140e-02            -2.727566e-01             1.581935e-01             1.384921e-01             1.680350e-01             3.115759e-01            -6.223206e-02             3.044604e-01             1.743377e-01            -8.865128e-04            -2.081001e-01            -1.993491e-01            -4.505120e-01             1.355799e-01             1.886037e-01            -1.061991e-01             1.805425e-01            -2.058663e-01            -5.764938e-03            -1.732997e-01             1.934280e-01             8.552590e-02             3.109094e-02             2.544095e-01             1.143958e-01            -1.579750e-02             1.000174e-01            -9.483041e-02             1.004372e-01 
           -1.716158e-01            -1.245986e-01            -1.740944e-02             1.319121e-01             1.265786e-02             3.685608e-02             2.374167e-01            -1.997892e-01            -2.033864e-01            -2.907973e-01            -1.288188e-01             2.074633e-01            -2.421855e-01            -5.026370e-02            -2.757081e-02             3.145517e-01             2.692378e-02            -3.124360e-01             2.763397e-01            -2.920826e-01            -1.686871e-01            -1.001573e-01            -2.567166e-02            -1.992647e-01             4.265421e-02             2.770692e-02            -2.482076e-01            -2.770279e-01             7.245227e-02             8.951875e-02 
           -1.985942e-01             2.622866e-01            -1.058598e-01            -7.173393e-02             1.605948e-01            -1.381985e-01            -9.889659e-02            -9.155234e-02            -4.307560e-02             3.755229e-02            -1.694559e-01             6.483949e-03             1.249736e-01             8.810813e-03             3.834846e-01            -2.456162e-01             1.296411e-01            -2.139978e-01            -3.837716e-01            -3.554276e-01             6.589214e-02             1.916325e-01            -1.130295e-02             1.435576e-01             1.552873e-01             1.351665e-02            -1.348804e-01            -2.330987e-01             1.795241e-01            -1.737507e-01 
           -2.582410e-01             1.862784e-01             7.436330e-03             4.522397e-02             2.283162e-01             2.999622e-01            -1.953431e-01            -1.775845e-01            -9.777327e-02            -2.437294e-01            -1.754452e-01            -1.231038e-02            -2.836721e-01             2.058540e-01            -3.596018e-02            -9.017082e-02             2.840898e-01             1.032261e-01            -2.139287e-01             2.577673e-02            -2.000278e-01            -1.092429e-01             1.444997e-01            -6.493286e-02            -1.683440e-01             9.500286e-02             1.423553e-01             3.884456e-01            -2.814895e-02             1.685173e-01 
           -2.262473e-01            -1.715515e-01             2.745009e-01            -1.399157e-02            -2.253929e-01             8.537608e-02            -3.893951e-02             3.109217e-01             1.393424e-01            -5.279194e-02            -3.629395e-02            -2.629921e-02            -1.103799e-01             3.818603e-01            -1.465196e-01             8.064672e-02            -1.897447e-01             3.604725e-02            -3.768194e-01             4.003015e-02            -1.022390e-01            -2.715334e-02            -2.558275e-01             3.624250e-02             3.458346e-01             1.882534e-01            -1.461935e-01            -1.129132e-01             9.624631e-02             1.417598e-01 
           -2.550623e-01            -1.595024e-01             1.114409e-01             1.663218e-01            -2.626054e-01             2.868211e-01             2.593753e-01             1.166995e-01             1.886546e-02             2.264357e-02             4.384227e-02             2.598003e-01             5.628115e-02             2.617896e-02             7.892986e-02            -3.471079e-01             5.022734e-02            -1.813332e-01             1.368188e-01            -4.900095e-02            -1.516939e-01             3.861294e-01            -6.867790e-02             2.812512e-01            -2.091857e-01            -8.912281e-02             8.305537e-02             1.072702e-01            -2.238491e-01            -6.146790e-02 
           -3.297752e-01             3.043576e-01             3.328075e-01             7.471989e-02            -1.337661e-01            -2.984585e-01             7.817033e-02            -2.308979e-01            -2.071498e-02            -4.347937e-02             1.545522e-01             3.404291e-02            -1.254866e-01            -2.702439e-01            -8.788452e-02            -6.952348e-02            -1.506978e-01             8.541358e-02            -3.065200e-02            -6.751890e-02             2.801825e-01             3.831023e-02            -1.679439e-01            -5.416055e-02            -2.378301e-03             1.530240e-05             3.696238e-01            -6.307480e-02            -2.262850e-02             3.153489e-01 
           -8.957179e-02            -1.404379e-01            -1.013753e-01            -6.178157e-02            -1.084638e-01             9.216498e-02            -1.309281e-01            -5.135351e-02             1.185116e-01            -1.874995e-01            -1.387927e-01            -3.327672e-02             3.277047e-01            -1.099752e-01            -1.466097e-01             9.646725e-02            -1.567200e-01            -1.492641e-01             3.033960e-02            -1.603162e-01             3.106313e-01             1.017516e-01             1.388390e-01             3.930602e-03            -1.765158e-01             6.646779e-01             3.558370e-02             1.529162e-01             2.526977e-02            -2.056020e-02 
           -8.715817e-02             1.163328e-01             1.142972e-02             4.700442e-01             1.731771e-01            -1.698344e-01            -1.657725e-01             3.053927e-02            -2.531019e-01            -1.625370e-01             1.242015e-01            -2.289132e-01             1.654710e-01             5.889922e-02             7.280685e-02            -1.083800e-01            -1.554146e-01             1.972903e-01             1.228313e-01             1.167075e-01            -5.779946e-02             1.147743e-01            -4.289265e-02             4.020145e-02            -6.044907e-03             1.520490e-01            -4.285237e-01            -5.336571e-02            -3.689624e-01             8.260426e-02 
           -1.198660e-01            -2.150685e-01             1.798491e-01            -8.514184e-02             1.969937e-01            -6.406135e-03             5.121812e-02             5.475137e-02            -1.403513e-01            -2.099756e-01            -9.540239e-02            -4.293767e-03            -6.778259e-02            -7.851822e-03             1.022876e-01             2.185212e-02            -3.166684e-01            -7.310374e-02            -7.578433e-02             3.326449e-01             2.613303e-01             2.986739e-01             4.621453e-01             3.143617e-03            -3.192294e-02            -2.889498e-01            -1.036387e-01             4.025601e-02             2.638581e-01             8.490730e-02 
           -1.898743e-01            -8.389480e-02            -1.831947e-01             1.368706e-01             1.512857e-01             2.537336e-01            -1.044883e-01             1.198778e-01            -9.546597e-02             1.017154e-01             3.640463e-01            -3.670584e-01             6.157230e-02            -4.441435e-02            -1.049708e-01            -3.204732e-01            -1.276102e-01            -3.019250e-01             1.825797e-01            -5.634898e-02            -5.682904e-02            -1.941713e-01            -3.670555e-02            -7.835384e-02             9.689930e-02            -3.048980e-02             1.581595e-01            -4.203034e-02             3.773159e-01             1.183735e-01 
           -1.626305e-01             1.616781e-01            -4.002796e-01             1.921705e-01            -1.020806e-01            -1.422003e-01             1.760782e-01             1.466997e-01            -1.772126e-01             1.794943e-01            -9.983670e-02             2.093283e-01            -3.534464e-01             2.490683e-01             2.565282e-02            -5.523839e-02            -2.703372e-01             1.930140e-01             1.252711e-01             4.643189e-02             2.000782e-01            -1.492463e-01             8.621827e-02             1.220935e-01            -1.014438e-02             1.768420e-01             8.272040e-02             7.061935e-02             1.570132e-01            -2.798665e-01 
           -2.322696e-01            -2.438075e-02             1.901215e-01            -2.069280e-01             2.984170e-01             9.401895e-02             1.662741e-01            -2.301973e-01             1.423325e-01            -1.697191e-01             1.049466e-02            -1.216641e-01             1.983174e-01             2.294122e-01             1.327635e-01             9.331740e-02            -2.188202e-02             2.773712e-01             4.090031e-01            -2.086904e-02             1.896341e-02            -3.183534e-03            -1.555427e-01             1.619810e-01             2.997452e-01             3.751870e-03             1.405251e-01             7.134775e-02             4.671291e-02            -3.047564e-01 
           -1.780738e-01             3.750206e-02             1.357784e-01            -3.532318e-02            -1.259114e-01            -3.289560e-01            -2.868777e-01             1.689808e-01             1.001878e-01            -1.796340e-01             1.063360e-01            -8.725094e-02            -2.249469e-01            -3.214885e-01             1.598496e-02             1.062819e-01             1.193302e-01            -1.210056e-01             1.090867e-01             2.223462e-01            -3.800894e-01             5.583755e-02             2.783947e-02             1.647577e-01            -7.180314e-02             1.371511e-01             9.900787e-03             5.871911e-02             2.022571e-01            -3.891038e-01 
           -8.228046e-02             1.078588e-01             2.441636e-02             3.477929e-01            -7.563230e-03             8.340654e-02             1.660315e-01             1.571462e-01            -1.652449e-01            -6.640598e-02            -3.114783e-01            -1.966119e-01             2.864023e-01            -9.594006e-02            -4.172120e-02             3.488011e-01             1.204350e-01            -2.401856e-01            -1.808534e-01             2.019269e-01             1.367999e-01            -2.641908e-01            -1.138884e-01             2.555902e-01             1.971910e-03            -1.873585e-01             2.287071e-01             1.214577e-02            -5.477297e-02            -1.252806e-01 
           -2.309215e-01            -1.279588e-01            -1.423760e-01            -9.357811e-02             6.095012e-02             1.287513e-03            -1.210619e-01            -1.189289e-01            -3.866960e-01             3.237270e-01             6.976596e-03             4.575690e-02             1.538670e-01             9.397080e-02            -1.228158e-01             2.323384e-01             6.045609e-02             5.482446e-02            -8.585093e-02             2.280333e-01            -1.757166e-01             3.933551e-01            -1.069248e-01            -3.223803e-01            -2.503572e-02             8.886490e-02             2.704820e-01            -2.138461e-01            -4.689423e-02            -1.187491e-01 
           -3.618934e-02             3.929908e-02            -3.714426e-02             2.770392e-01            -6.643676e-02            -1.129392e-01            -2.567319e-02            -3.250479e-02             3.597675e-01            -1.290013e-01            -3.582158e-01            -8.357611e-02             1.555501e-01             6.655799e-02            -3.624085e-01            -2.211309e-01            -1.437151e-01             1.582928e-01             1.263840e-02            -1.512232e-01            -2.180513e-01             6.716525e-02             2.326376e-01            -2.816011e-01            -1.894838e-02            -2.359293e-01             1.464561e-01            -2.047687e-01             3.716443e-02            -1.867894e-01 
           -9.163526e-02            -5.757695e-02            -7.435859e-02            -1.649843e-01             7.316308e-02            -1.900965e-01            -5.986157e-02             3.904060e-01             5.735495e-02             8.532514e-02            -2.889374e-01            -3.480162e-01            -2.572047e-01             1.188733e-01            -1.223268e-02             1.431464e-02             2.959833e-01            -9.420580e-02             3.277332e-01            -1.290872e-01             1.904055e-01             1.989334e-01             7.242461e-02             4.022168e-02             6.523611e-02             1.687404e-03             1.320958e-01            -1.002142e-01            -2.503874e-01             2.540659e-01 
           -2.774271e-02            -1.629046e-02            -6.655498e-02             8.816754e-02             3.949263e-01            -2.597944e-01            -1.150038e-01             3.401582e-02             1.739948e-01             2.051998e-01            -2.215485e-01             4.561905e-01             1.973479e-01            -3.061838e-02            -1.481966e-01            -1.669792e-02            -5.598661e-02            -1.391775e-01             1.472753e-01             1.379960e-01            -1.811745e-01            -1.865665e-03            -1.490611e-01             2.027855e-01             1.082527e-01             3.165735e-02            -1.611826e-02             1.833826e-01             1.553684e-01             3.564602e-01 
           -2.146078e-01            -1.199283e-01             2.930020e-01             7.171152e-02             3.838580e-02             6.902261e-02            -2.111496e-01            -5.771049e-02            -5.940149e-02             4.035115e-01            -5.640386e-02             9.686038e-02            -8.735747e-02            -1.776816e-01            -2.110906e-01            -5.373591e-02             5.663300e-02            -1.163967e-01             2.733229e-02            -1.279838e-01             2.314569e-01            -1.591392e-01             1.558602e-01            -1.562718e-01             2.875417e-01            -9.231125e-02            -2.382937e-01             2.626194e-01            -2.318173e-01            -3.109125e-01 
           -2.877227e-01             3.841207e-01            -1.010134e-01            -1.384383e-01             7.117769e-02             2.600855e-01             6.972362e-03             3.493218e-01             1.874371e-01            -7.873546e-02             2.535800e-01             3.113235e-01             1.790668e-01            -1.060219e-01            -9.829147e-02             1.151236e-01             1.838432e-01             1.214479e-01             5.374886e-02             1.362370e-01             9.518099e-02            -8.648248e-02             2.613015e-01            -7.181625e-02             2.933580e-02            -9.014461e-03            -1.217620e-01            -3.040316e-01            -8.420398e-02             3.834367e-02 
           -2.554051e-01             5.005501e-02            -2.937559e-02            -2.401843e-01            -2.055710e-01             7.638337e-02            -1.928263e-01             2.006062e-01            -1.092340e-01             1.101748e-01            -2.500592e-01            -5.022898e-02             1.838286e-01            -1.607898e-01             3.346655e-01             1.337838e-01            -3.476989e-01             2.007754e-01             1.183439e-01            -2.183905e-01            -1.999922e-01            -1.749229e-01            -9.903750e-02            -1.247033e-01            -2.071657e-01            -2.250246e-01            -7.740364e-02             1.773224e-01             3.000838e-03             1.402414e-01 
           -1.892771e-01             1.484080e-01            -3.015293e-01            -2.330452e-01            -4.732670e-02            -1.930357e-01             7.096188e-02            -1.844709e-01             2.595898e-01            -8.548425e-02             1.502162e-01            -9.185521e-02            -3.855054e-03             2.400419e-01            -1.924765e-02             5.116326e-02            -2.383938e-01            -4.667874e-01            -7.867387e-02             1.938249e-01            -2.675950e-02            -4.681113e-02            -5.982631e-02            -1.360924e-01            -9.187423e-03            -1.656349e-01            -7.219256e-02             1.952663e-01            -3.671585e-01            -5.365553e-02 
