 -2.2561505397468373e-002 -6.9699805866746262e-002 -1.2676310077565647e-001  3.4072311945316613e-001 -4.1399529537191782e-002 -1.0477414376548792e-001 -1.2059504943046276e-001  1.7276248080659004e-001  1.7184740616590236e-001 -1.3804051834113867e-001  2.5904212064881377e-001  1.0659678792146850e-001  5.9966912129344747e-002  1.3374359858512261e-001  1.4928134248685651e-001  2.7832864374498001e-001  2.2390966143094734e-001  6.0592944046637891e-002 -1.0683664630942847e-002 -2.0981771155406839e-001  2.3343963346088761e-001  2.5901435366817943e-001 -1.7410286623474883e-001 -2.9614525546964982e-001  1.6764336092643467e-002 -2.1403022541387534e-001  6.9141921809152563e-003  3.5443502075887184e-001  2.1686742941716852e-001 -2.7717053037704137e-002
 -9.7898116903400945e-002 -3.2303180182044355e-001 -2.9543476655698675e-001 -1.7315456866793782e-001  6.9669531415053845e-002 -1.6084296239513687e-001 -1.0789550764453557e-001  4.8609500206408127e-002 -2.3806764778421086e-001 -2.8949477654257649e-001  1.9570092981056758e-001  1.0035708306840740e-001  2.8071180219398060e-002 -1.1525727223434915e-001 -3.3141497217814997e-001  9.9216864396756213e-003 -2.7903709027964137e-002  1.9367309328339338e-001 -2.0069167703990951e-001 -3.0842546534429005e-001 -1.5405047834727421e-002 -6.3051641771934175e-002  3.4461829205290374e-002  3.5611896647440233e-001  9.7912682287135080e-002 -2.2662521993116641e-001  1.0255403101392212e-001  2.4187306595092189e-002 -1.8162078523043707e-001 -1.6321428161334809e-002
 -1.1330902153681102e-001 -3.4492055201114824e-001 -2.2298216791909131e-001  3.3911248871945951e-002 -4.3051769091639359e-002  8.9094865249678482e-002 -2.3305245851641901e-001 -9.4585276572634380e-002  1.4600029001051976e-001 -2.1607756487975605e-001 -2.0217842799728863e-001  1.3730829046758519e-001 -1.0429549894990144e-001 -2.0431842155032534e-001  2.2694545915228606e-001 -2.7958120731355124e-001  1.0495318340780296e-001  8.9774016732005885e-002  1.5153530373544244e-002  3.5402412168403585e-001  2.6042341064227820e-001 -1.7413185498089820e-001 -3.3476232220964081e-001 -1.5050620212684815e-001  4.4161516114894453e-002 -3.8584478432883380e-002  1.6336492035857041e-002 -2.1155634660278996e-001 -8.4760742509459003e-002 -3.3108162542686378e-002
 -2.8390061490312746e-001 -9.8221062432397518e-002 -1.1193874209212579e-001 -1.1334819277920909e-001 -2.5409786177034926e-001 -2.1591342018901458e-001  3.2128983332968841e-001 -1.7589974351490212e-001 -2.8479752444921506e-002  1.1739462532825171e-001 -4.4263134479407787e-002 -2.0127818622871563e-001  1.9021850265616522e-001  4.1946236701898773e-003 -1.9924907176009543e-001 -1.1925869532779608e-001  3.8787364242767008e-001  1.8250659415988754e-001 -6.4300291601814101e-003  1.4500258782509742e-001  3.7145283031049650e-002 -6.9290452581714568e-002  5.9601175153501662e-003  2.5696606767138030e-002 -1.2081313814997088e-001 -3.5229541601828541e-002 -3.9357910012539488e-001  1.2157352380663128e-001  2.7804016714202140e-001  1.3156041063382826e-001
 -1.2361860768056782e-001 -1.7175802874698520e-001 -2.5021117496820802e-002  2.1184698315378780e-001 -2.6221341700689482e-001 -8.5100842487063986e-003 -3.3149868916166325e-001 -3.4502900721084073e-001  1.8949305831064342e-001  2.0696171793675633e-001  1.3152071654975570e-001  2.8998408227248300e-003  3.2108964461162126e-002  2.2972549992025598e-001  2.3059640351846517e-001  2.3059967969575509e-001  6.0009723510533283e-002  8.5037750364162779e-003  7.0543931818106642e-002  1.7255728943320232e-003 -1.8626681284636033e-002 -1.3050599664655080e-001  3.7242426021570940e-001  3.1326270856213423e-001  7.7371246315272200e-003 -6.4698148986944204e-002  9.7255093020068101e-002 -2.1171945949573928e-001 -1.5784061341436492e-002  1.8466613047376318e-001
 -1.2196979284223364e-001 -3.4044371144242047e-001  1.7502979018013609e-001  4.5382931815396897e-002  2.3557307734523542e-001 -3.2711531189646709e-001  2.8721677958084779e-001  2.0924245534952327e-001  3.9219953753112623e-002  3.9092782763604138e-002  1.4025542590733114e-001  7.1172439056212858e-002  1.3122601285735483e-001  7.0726966973917310e-002  2.9873376572439586e-001 -9.5459062740147330e-002  8.1423427918877203e-002 -1.5572159111291745e-004 -1.6843462957703542e-001 -6.1135750444446225e-002 -1.1321566616733553e-001 -3.4544068036862613e-001  2.0896553479415317e-001 -2.4456367919208916e-001 -1.7161728578872376e-001  1.9122238718061255e-001  1.9093601086004128e-001 -1.7856379073946931e-002 -1.4528045729252917e-001 -3.3287396580581975e-002
 -1.2624715136859443e-001 -8.4523926814131720e-002  8.6507884922496503e-002  2.0619702903542595e-002  3.5850566251824401e-001  7.9585610097411150e-002 -4.4130588148328383e-002 -2.5727457846327368e-002  2.4921126815800740e-001  1.9580205537045176e-001  5.7773892818304411e-002 -9.7578583455197029e-002 -1.9547435254677598e-001  4.8758270238851015e-002 -1.6630164752431792e-001  1.5489849631956643e-001 -9.6314200950166587e-002  4.6973492259040253e-002 -9.7044936116954347e-002 -1.1453998837678192e-001  1.4940565098487277e-001 -1.6061778026816298e-003 -2.5747063339641291e-001  1.5606798405926919e-001 -6.1765257228669646e-001 -8.4436443790296870e-002 -1.6840548551457823e-001 -2.0809328525547358e-001  3.7789952015457283e-002 -1.3148748354062129e-001
 -1.0572646681479357e-001 -9.3921396291770723e-002 -2.7275658686757065e-001  1.5819346235800430e-001  1.3849214934328277e-001  1.6803501852608660e-001  3.1157590604131224e-001 -6.2232064613322306e-002  3.0446039240359091e-001  1.7433770538138366e-001 -8.8651281699059573e-004 -2.0810008334817626e-001 -1.9934907706546270e-001 -4.5051201016007930e-001  1.3557989714433641e-001  1.8860367137569478e-001 -1.0619913760182248e-001  1.8054247038015220e-001 -2.0586625518108045e-001 -5.7649382877221142e-003 -1.7329970329805577e-001  1.9342797175569784e-001  8.5525897756375216e-002  3.1090935599334145e-002  2.5440950548509850e-001  1.1439578413992939e-001 -1.5797495501572521e-002  1.0001742768791935e-001 -9.4830405777871135e-002  1.0043722999357164e-001
 -1.7161576766963399e-001 -1.2459862505443005e-001 -1.7409436502025984e-002  1.3191211558521979e-001  1.2657857790743104e-002  3.6856077787506686e-002  2.3741671771210682e-001 -1.9978915743261785e-001 -2.0338638549415411e-001 -2.9079725330650358e-001 -1.2881881069712062e-001  2.0746326771153639e-001 -2.4218548163838885e-001 -5.0263702823950138e-002 -2.7570814024512679e-002  3.1455167200929207e-001  2.6923782794601891e-002 -3.1243597038958654e-001  2.7633973281777963e-001 -2.9208263108568061e-001 -1.6868710123163344e-001 -1.0015728543471564e-001 -2.5671655175639390e-002 -1.9926472987798269e-001  4.2654213478476762e-002  2.7706917267632802e-002 -2.4820759316967919e-001 -2.7702794847681150e-001  7.2452272773859211e-002  8.9518745948181377e-002
 -1.9859424511869520e-001  2.6228655279494728e-001 -1.0585979622939726e-001 -7.1733931098499404e-002  1.6059475978411059e-001 -1.3819854971154838e-001 -9.8896592962704130e-002 -9.1552338860099045e-002 -4.3075602658209693e-002  3.7552285675413369e-002 -1.6945585574755789e-001  6.4839489847973945e-003  1.2497358064488470e-001  8.8108125746815709e-003  3.8348461528498740e-001 -2.4561622124856614e-001  1.2964105331924530e-001 -2.1399780814868494e-001 -3.8377155071576147e-001 -3.5542759513265637e-001  6.5892140030999510e-002  1.9163254054061934e-001 -1.1302948727679001e-002  1.4355760711926444e-001  1.5528731609070484e-001  1.3516646278687150e-002 -1.3488038723606902e-001 -2.3309867907201282e-001  1.7952406116792113e-001 -1.7375067200371805e-001
 -2.5824100278782752e-001  1.8627835989252922e-001  7.4363301250755590e-003  4.5223965228805105e-002  2.2831618087112060e-001  2.9996216380732854e-001 -1.9534306557513445e-001 -1.7758446795297758e-001 -9.7773273215690501e-002 -2.4372941809086004e-001 -1.7544515290570151e-001 -1.2310383118544859e-002 -2.8367213580779183e-001  2.0585403874651914e-001 -3.5960176158825546e-002 -9.0170822840391213e-002  2.8408977224604981e-001  1.0322606214688584e-001 -2.1392874126564798e-001  2.5776730128058097e-002 -2.0002783498992127e-001 -1.0924290577050189e-001  1.4449966968248579e-001 -6.4932862913566203e-002 -1.6834403901770501e-001  9.5002859045604515e-002  1.4235533911266032e-001  3.8844555118798363e-001 -2.8148945789439009e-002  1.6851734522803774e-001
 -2.2624727905474407e-001 -1.7155147637286458e-001  2.7450087120100347e-001 -1.3991574107379071e-002 -2.2539285739028675e-001  8.5376076747262053e-002 -3.8939508562204669e-002  3.1092170515339768e-001  1.3934235862522470e-001 -5.2791943093208435e-002 -3.6293946020100595e-002 -2.6299213469935565e-002 -1.1037988177019303e-001  3.8186027196314093e-001 -1.4651962637702745e-001  8.0646715822827564e-002 -1.8974466297807729e-001  3.6047251870185953e-002 -3.7681943510354016e-001  4.0030153284553387e-002 -1.0223899353102700e-001 -2.7153340664317488e-002 -2.5582747443076331e-001  3.6242499562057218e-002  3.4583456156360226e-001  1.8825343145081957e-001 -1.4619354579756980e-001 -1.1291317662243743e-001  9.6246312476992057e-002  1.4175978999491803e-001
 -2.5506233139806228e-001 -1.5950239874321914e-001  1.1144088334340635e-001  1.6632178457049890e-001 -2.6260538013786017e-001  2.8682106424598497e-001  2.5937530623162308e-001  1.1669952509299530e-001  1.8865458706288179e-002  2.2643568091987802e-002  4.3842265693768062e-002  2.5980029949638200e-001  5.6281146776880835e-002  2.6178964828728557e-002  7.8929863376688919e-002 -3.4710790228663752e-001  5.0227338438552274e-002 -1.8133319244661686e-001  1.3681876673986879e-001 -4.9000948020447008e-002 -1.5169394016836257e-001  3.8612944918265407e-001 -6.8677896781703607e-002  2.8125122565327509e-001 -2.0918567830644419e-001 -8.9122809095473737e-002  8.3055374860544123e-002  1.0727021377635107e-001 -2.2384914252776628e-001 -6.1467897932181527e-002
 -3.2977518113921367e-001  3.0435758856565603e-001  3.3280752912458700e-001  7.4719894283122840e-002 -1.3376614670767287e-001 -2.9845845766677864e-001  7.8170326398975781e-002 -2.3089788372492884e-001 -2.0714984643809074e-002 -4.3479374579308908e-002  1.5455217130262919e-001  3.4042907518229082e-002 -1.2548661040314468e-001 -2.7024387289833152e-001 -8.7884517844843191e-002 -6.9523477866074601e-002 -1.5069782474810706e-001  8.5413579826311703e-002 -3.0652000346671357e-002 -6.7518896476714635e-002  2.8018250497150243e-001  3.8310229637655853e-002 -1.6794390650862101e-001 -5.4160547828006514e-002 -2.3783008794043634e-003  1.5302395310681782e-005  3.6962379394824024e-001 -6.3074801181578308e-002 -2.2628503777636519e-002  3.1534890162718038e-001
 -8.9571790964818043e-002 -1.4043785843313075e-001 -1.0137530237243352e-001 -6.1781566295484799e-002 -1.0846376471506704e-001  9.2164982163661743e-002 -1.3092805696682577e-001 -5.1353512445474474e-002  1.1851159218993816e-001 -1.8749951515038221e-001 -1.3879271004442564e-001 -3.3276720540231744e-002  3.2770470317260858e-001 -1.0997517602155045e-001 -1.4660969698995455e-001  9.6467247539185411e-002 -1.5671995646859652e-001 -1.4926407379085724e-001  3.0339603775980127e-002 -1.6031622092197706e-001  3.1063132009174282e-001  1.0175161710710189e-001  1.3883904678809589e-001  3.9306024663368737e-003 -1.7651578231730222e-001  6.6467790419561357e-001  3.5583702809968441e-002  1.5291618313403285e-001  2.5269769987580914e-002 -2.0560200462130716e-002
 -8.7158165388847866e-002  1.1633281805793966e-001  1.1429715933198380e-002  4.7004424637502812e-001  1.7317714569588968e-001 -1.6983440399038102e-001 -1.6577245755706302e-001  3.0539271974416932e-002 -2.5310185021444648e-001 -1.6253695352038619e-001  1.2420146239515012e-001 -2.2891315977609522e-001  1.6547098254734371e-001  5.8899222252419350e-002  7.2806853421838055e-002 -1.0838001409432552e-001 -1.5541462836111730e-001  1.9729029247506186e-001  1.2283127872400129e-001  1.1670750079946690e-001 -5.7799455102553049e-002  1.1477429546226017e-001 -4.2892651186821382e-002  4.0201452921165545e-002 -6.0449066651492231e-003  1.5204896437846460e-001 -4.2852374425263201e-001 -5.3365707931897551e-002 -3.6896239160188976e-001  8.2604257648617244e-002
 -1.1986601255626801e-001 -2.1506851887034426e-001  1.7984908421259482e-001 -8.5141841861019182e-002  1.9699373871477044e-001 -6.4061346684987554e-003  5.1218120664944168e-002  5.4751367317011058e-002 -1.4035125427124212e-001 -2.0997559265793703e-001 -9.5402389134537510e-002 -4.2937669492977577e-003 -6.7782586250172625e-002 -7.8518223805211021e-003  1.0228758524173603e-001  2.1852117680391279e-002 -3.1666844692190876e-001 -7.3103741263276178e-002 -7.5784325140399594e-002  3.3264485149413447e-001  2.6133034296471375e-001  2.9867388488919799e-001  4.6214527752044182e-001  3.1436168978359880e-003 -3.1922935737254389e-002 -2.8894976774028541e-001 -1.0363868992359977e-001  4.0256010582383837e-002  2.6385806114642418e-001  8.4907299907379663e-002
 -1.8987426690423656e-001 -8.3894797017819142e-002 -1.8319467290707062e-001  1.3687064796669313e-001  1.5128572703049001e-001  2.5373364944432836e-001 -1.0448830392417802e-001  1.1987776775147749e-001 -9.5465970079566129e-002  1.0171536951078636e-001  3.6404625409642422e-001 -3.6705835411814608e-001  6.1572304229723020e-002 -4.4414350600787605e-002 -1.0497078778906244e-001 -3.2047324095242374e-001 -1.2761020799434564e-001 -3.0192500065784700e-001  1.8257966097627404e-001 -5.6348979052673109e-002 -5.6829043313531967e-002 -1.9417126323457382e-001 -3.6705551083415798e-002 -7.8353839725921665e-002  9.6899297444704185e-002 -3.0489803397758884e-002  1.5815948970269572e-001 -4.2030338212437124e-002  3.7731592214516679e-001  1.1837349094789318e-001
 -1.6263050965594225e-001  1.6167810544507699e-001 -4.0027957664958019e-001  1.9217049749223589e-001 -1.0208063233849618e-001 -1.4220026245963055e-001  1.7607816028549730e-001  1.4669965751145619e-001 -1.7721255798271104e-001  1.7949427935561141e-001 -9.9836700930416994e-002  2.0932833893384145e-001 -3.5344635769720623e-001  2.4906829719819107e-001  2.5652815208733068e-002 -5.5238385381031652e-002 -2.7033719211461466e-001  1.9301396601733242e-001  1.2527114192296038e-001  4.6431887193685857e-002  2.0007824284891959e-001 -1.4924631408035419e-001  8.6218268830130146e-002  1.2209354011796855e-001 -1.0144378449296701e-002  1.7684199318621729e-001  8.2720403410342425e-002  7.0619352152418366e-002  1.5701315909552307e-001 -2.7986648080450666e-001
 -2.3226955784596373e-001 -2.4380749991110676e-002  1.9012147100326943e-001 -2.0692804977745133e-001  2.9841704502379629e-001  9.4018952537521169e-002  1.6627406743254219e-001 -2.3019726431012458e-001  1.4233248713008079e-001 -1.6971913321260532e-001  1.0494659777842544e-002 -1.2166409777041720e-001  1.9831736910773926e-001  2.2941218342330208e-001  1.3276351791806698e-001  9.3317401017655358e-002 -2.1882020224183715e-002  2.7737122458027624e-001  4.0900310013656055e-001 -2.0869041311104009e-002  1.8963412604053105e-002 -3.1835337393683744e-003 -1.5554274433772575e-001  1.6198102126404762e-001  2.9974521382875624e-001  3.7518701022506012e-003  1.4052514654051210e-001  7.1347753573344719e-002  4.6712908182671015e-002 -3.0475641053418817e-001
 -1.7807377146975081e-001  3.7502062257759344e-002  1.3577837830364584e-001 -3.5323180964038081e-002 -1.2591143282981401e-001 -3.2895596864885374e-001 -2.8687765093097289e-001  1.6898080931868370e-001  1.0018778191096461e-001 -1.7963403231594025e-001  1.0633597323900786e-001 -8.7250935851362524e-002 -2.2494691444145531e-001 -3.2148848266237057e-001  1.5984960110281908e-002  1.0628188891386287e-001  1.1933024041692430e-001 -1.2100562605025963e-001  1.0908674721872005e-001  2.2234620853863585e-001 -3.8008936604295085e-001  5.5837552859680409e-002  2.7839466375309027e-002  1.6475765764545461e-001 -7.1803144408865482e-002  1.3715110532792904e-001  9.9007869150188194e-003  5.8719106651460809e-002  2.0225710150577131e-001 -3.8910376411722314e-001
 -8.2280456274203911e-002  1.0785876933247998e-001  2.4416364043068593e-002  3.4779285749866778e-001 -7.5632300232039377e-003  8.3406536956721650e-002  1.6603148999096484e-001  1.5714617101046474e-001 -1.6524486750436873e-001 -6.6405976378232326e-002 -3.1147828867259869e-001 -1.9661191094235064e-001  2.8640226296798610e-001 -9.5940061641320393e-002 -4.1721200950322779e-002  3.4880108050515063e-001  1.2043499289389147e-001 -2.4018559231860992e-001 -1.8085335637840683e-001  2.0192693966023917e-001  1.3679992240858171e-001 -2.6419081985246107e-001 -1.1388836465652459e-001  2.5559024015874909e-001  1.9719100144634455e-003 -1.8735854967048465e-001  2.2870712277187932e-001  1.2145765342953769e-002 -5.4772965474978494e-002 -1.2528061393922443e-001
 -2.3092154044651672e-001 -1.2795881833510198e-001 -1.4237597045446343e-001 -9.3578114572217166e-002  6.0950118549969498e-002  1.2875129766415257e-003 -1.2106192106134092e-001 -1.1892887676880645e-001 -3.8669596275822882e-001  3.2372699094797552e-001  6.9765955007286273e-003  4.5756898397143149e-002  1.5386701705890629e-001  9.3970796636601642e-002 -1.2281575613896065e-001  2.3233841662709190e-001  6.0456085085926953e-002  5.4824455084622470e-002 -8.5850927813389238e-002  2.2803331001547983e-001 -1.7571657994626363e-001  3.9335512887975382e-001 -1.0692479347007441e-001 -3.2238033587454795e-001 -2.5035724918267936e-002  8.8864900653512463e-002  2.7048198791608691e-001 -2.1384610862375844e-001 -4.6894225620514707e-002 -1.1874912619712454e-001
 -3.6189342534462245e-002  3.9299079404940408e-002 -3.7144260225825350e-002  2.7703922662771807e-001 -6.6436759670485471e-002 -1.1293920751416953e-001 -2.5673193663353338e-002 -3.2504787842795993e-002  3.5976754940305294e-001 -1.2900130142656954e-001 -3.5821581651106432e-001 -8.3576111375823631e-002  1.5555013972473092e-001  6.6557992789031961e-002 -3.6240851456459999e-001 -2.2113089825620458e-001 -1.4371505882891467e-001  1.5829278899172686e-001  1.2638403757464509e-002 -1.5122317694481122e-001 -2.1805133002211674e-001  6.7165249499718874e-002  2.3263762275883385e-001 -2.8160106982512995e-001 -1.8948377030982032e-002 -2.3592931784572063e-001  1.4645605756544960e-001 -2.0476869647686852e-001  3.7164427466457733e-002 -1.8678935862963023e-001
 -9.1635261629922887e-002 -5.7576947631734439e-002 -7.4358588056342975e-002 -1.6498434219611435e-001  7.3163078695097819e-002 -1.9009647922821996e-001 -5.9861565701872205e-002  3.9040599535195664e-001  5.7354947233366781e-002  8.5325139159198898e-002 -2.8893736634307426e-001 -3.4801618441774201e-001 -2.5720473848381525e-001  1.1887330800679398e-001 -1.2232675111228046e-002  1.4314642739284202e-002  2.9598332906099217e-001 -9.4205804130658863e-002  3.2773315898143368e-001 -1.2908717727108157e-001  1.9040550824489522e-001  1.9893337053954410e-001  7.2424611395163666e-002  4.0221684471566294e-002  6.5236113998699316e-002  1.6874042634902227e-003  1.3209584181443301e-001 -1.0021420975596559e-001 -2.5038735825948577e-001  2.5406592855963561e-001
 -2.7742711598711604e-002 -1.6290460237068267e-002 -6.6554975551461532e-002  8.8167537952736977e-002  3.9492626975654072e-001 -2.5979437686742207e-001 -1.1500375803024047e-001  3.4015824309533357e-002  1.7399475388386010e-001  2.0519981977907631e-001 -2.2154854189756637e-001  4.5619050396256183e-001  1.9734785100688179e-001 -3.0618383970379387e-002 -1.4819656859572650e-001 -1.6697921648831406e-002 -5.5986610149269540e-002 -1.3917745738709034e-001  1.4727527837134549e-001  1.3799601747612888e-001 -1.8117452953203508e-001 -1.8656651818761121e-003 -1.4906109437111148e-001  2.0278547352927698e-001  1.0825271906620952e-001  3.1657350502600302e-002 -1.6118260809596253e-002  1.8338264728632989e-001  1.5536842397777495e-001  3.5646021855950943e-001
 -2.1460779022307058e-001 -1.1992834874274436e-001  2.9300201895841349e-001  7.1711520367128578e-002  3.8385795561457166e-002  6.9022613937190364e-002 -2.1114959680699705e-001 -5.7710490827987855e-002 -5.9401494415391942e-002  4.0351147438775697e-001 -5.6403860045057680e-002  9.6860378050294890e-002 -8.7357469559968468e-002 -1.7768162685633285e-001 -2.1109062400045606e-001 -5.3735905481619009e-002  5.6633003426599542e-002 -1.1639665678275117e-001  2.7332285189646824e-002 -1.2798384627657422e-001  2.3145687742787333e-001 -1.5913915099281903e-001  1.5586020148454838e-001 -1.5627176453711944e-001  2.8754165604496462e-001 -9.2311254118566194e-002 -2.3829373442367710e-001  2.6261935793360636e-001 -2.3181731451605656e-001 -3.1091247349363083e-001
 -2.8772273242900820e-001  3.8412072978991196e-001 -1.0101340350329499e-001 -1.3843834672924668e-001  7.1177685378743930e-002  2.6008553951017011e-001  6.9723619965757419e-003  3.4932175292724593e-001  1.8743713557485986e-001 -7.8735457694261587e-002  2.5357995443354936e-001  3.1132348371516566e-001  1.7906681063556645e-001 -1.0602187477923355e-001 -9.8291470461168803e-002  1.1512363112286161e-001  1.8384321928204803e-001  1.2144792981571931e-001  5.3748863784593738e-002  1.3623699132093395e-001  9.5180986178279692e-002 -8.6482475488872224e-002  2.6130152328767398e-001 -7.1816249382691003e-002  2.9335801968340056e-002 -9.0144608770188900e-003 -1.2176199125692262e-001 -3.0403159802102225e-001 -8.4203979650288086e-002  3.8343673184110777e-002
 -2.5540505457567703e-001  5.0055011398851434e-002 -2.9375594708355487e-002 -2.4018432133956169e-001 -2.0557100323485242e-001  7.6383365027582972e-002 -1.9282627787372536e-001  2.0060615522702474e-001 -1.0923400095390454e-001  1.1017475113128147e-001 -2.5005916396325012e-001 -5.0228984143223937e-002  1.8382863887858009e-001 -1.6078977721319454e-001  3.3466552334546951e-001  1.3378378290493212e-001 -3.4769886725436372e-001  2.0077539130762351e-001  1.1834394777004341e-001 -2.1839051819922653e-001 -1.9999222390266078e-001 -1.7492286732091566e-001 -9.9037500804758316e-002 -1.2470329006815503e-001 -2.0716572436488162e-001 -2.2502460814055808e-001 -7.7403644420745848e-002  1.7732242347652694e-001  3.0008375270091994e-003  1.4024143782650036e-001
 -1.8927711192601843e-001  1.4840801013321830e-001 -3.0152925658641477e-001 -2.3304523975549640e-001 -4.7326696220694471e-002 -1.9303566387085613e-001  7.0961880864337940e-002 -1.8447085373635233e-001  2.5958979118941278e-001 -8.5484252369874864e-002  1.5021615637008950e-001 -9.1855210276994156e-002 -3.8550536793054077e-003  2.4004189416797478e-001 -1.9247645283603985e-002  5.1163259367350764e-002 -2.3839376794881034e-001 -4.6678744513619713e-001 -7.8673874152097034e-002  1.9382493226305003e-001 -2.6759495522107157e-002 -4.6811130944547197e-002 -5.9826306978473666e-002 -1.3609242479227035e-001 -9.1874230869451526e-003 -1.6563487869734944e-001 -7.2192561862959234e-002  1.9526627159398741e-001 -3.6715852203392790e-001 -5.3655533580081835e-002
