           -3.268472e-01             1.614616e-01            -8.705594e-02             4.787034e-01            -5.469081e-02            -2.924634e-01             5.120030e-01             5.068193e-01             6.586621e-02             1.359716e-01 
           -1.107544e-01            -1.801445e-02             3.057775e-01             1.517671e-01             6.254319e-01             5.784509e-01             1.874519e-01             6.923723e-02            -3.090852e-01             9.818120e-02 
           -3.963199e-01            -5.355494e-01            -3.655730e-01             2.339587e-02             4.163456e-01            -1.664292e-01            -3.086070e-01            -9.625883e-03             2.458052e-01             2.552117e-01 
           -3.824759e-01            -7.669001e-02            -3.037598e-02            -6.596232e-02             8.915274e-02             6.763922e-02             2.164588e-01            -1.362707e-01             2.178148e-01            -8.468568e-01 
           -3.652033e-01             1.530677e-01             1.501808e-01            -3.461316e-01            -1.707197e-01             2.106989e-01             3.605373e-01            -3.633283e-01             4.236328e-01             4.310880e-01 
           -2.726272e-01             1.526114e-01             5.911339e-01             3.962205e-02             1.944850e-01            -5.999841e-01            -1.707528e-01            -2.891107e-01            -2.018800e-01             8.525679e-03 
           -3.128337e-01             1.266770e-01             2.783024e-01            -3.957252e-01            -1.274566e-01             1.471864e-01            -4.083041e-01             6.614744e-01             9.168724e-02            -3.822553e-02 
           -6.306352e-02             5.901683e-01            -5.099412e-01            -4.057931e-01             3.760530e-01            -1.624141e-01             4.484827e-02            -2.576021e-03            -2.306234e-01             4.113450e-03 
           -3.742636e-01            -3.352596e-01            -1.424092e-01            -1.998897e-01            -3.866921e-01             3.412270e-02             1.480885e-01            -6.161339e-02            -7.132436e-01             4.640498e-02 
           -3.576772e-01             3.967952e-01            -1.859808e-01             5.102079e-01            -2.244784e-01             3.066015e-01            -4.591563e-01            -2.504684e-01            -4.164094e-02             5.627864e-03 
