           -1.395531e-01            -3.561140e-02            -1.912941e-01            -2.106230e-01             6.217910e-02            -2.244201e-01             2.024987e-03             2.494863e-01             1.019284e-01            -5.253572e-02            -2.406573e-01            -4.613488e-02             1.968095e-01             7.750842e-02            -2.142451e-01             1.503155e-03             4.671576e-02             2.748529e-01             2.911641e-01            -3.926620e-02             6.934079e-02             1.018740e-01             3.052508e-02             4.717931e-01            -1.515863e-01            -1.711942e-01             3.267919e-02             3.265855e-01             9.635830e-02             2.143268e-01 
           -1.606899e-01            -1.642906e-01            -2.652837e-01            -2.063867e-01            -1.424487e-01             2.074050e-02            -1.896656e-01             2.567345e-01             6.371301e-02             9.900961e-02            -2.727322e-01             2.673968e-01             2.270417e-03             5.623102e-02             1.128368e-01             2.516293e-02             2.072602e-02             5.854739e-03             3.783552e-02            -2.778663e-01             7.450932e-02             2.879977e-02            -3.544462e-01            -3.229262e-01             3.186850e-02             1.262510e-01            -4.054390e-02            -1.400200e-01             3.818182e-01            -1.895823e-01 
           -1.698756e-01             9.592898e-02            -2.002165e-01            -1.456659e-01            -2.687246e-01             4.924416e-03             3.547919e-02            -4.355507e-03            -3.219414e-02            -3.303927e-01             1.695400e-01             1.873834e-02             1.038266e-01             2.829838e-01            -2.777581e-01            -1.936763e-01            -1.074032e-01            -1.938202e-01            -6.740290e-02            -1.479339e-01            -3.672418e-01             2.962053e-01             1.290510e-02             9.293437e-02             2.911224e-01             9.745290e-02            -1.976129e-01            -5.006843e-02            -1.731780e-01            -9.785052e-02 
           -3.106711e-01            -5.157376e-02            -2.371607e-02            -1.056568e-01             5.825899e-02             3.125250e-01            -7.865052e-02             9.457090e-02            -2.861064e-01             5.093913e-02            -1.483550e-02            -1.812561e-01             2.244283e-01            -2.100010e-01            -2.424624e-01            -1.201721e-01             3.916845e-01            -2.525702e-01             4.930357e-02             1.738071e-01             1.688185e-01            -1.786673e-01            -5.583210e-02            -3.084457e-03            -1.098175e-01            -1.296660e-01            -2.010336e-01             2.514291e-02            -1.389692e-01            -2.916334e-01 
           -3.025810e-01            -2.290438e-01            -4.015783e-02             1.179513e-01            -6.712875e-02             2.143158e-01            -1.936087e-01            -2.404342e-01             2.336617e-02            -1.901085e-01             1.593923e-01            -4.949839e-02            -2.016743e-01            -1.781198e-01             2.155165e-01             1.119660e-01             1.401853e-01             1.770307e-01             6.802808e-02            -2.517460e-01             1.090952e-01             2.995637e-01             2.920520e-01             1.060695e-01            -1.555467e-01             3.110160e-01            -3.923211e-02             2.158377e-01             3.857171e-02            -1.052725e-01 
           -2.465074e-01            -6.176875e-03             2.208875e-01            -1.802420e-01             1.827956e-01            -3.231491e-01            -1.088923e-01             3.750162e-01             3.600552e-02            -1.706215e-01             1.549542e-01             1.531728e-02             1.807899e-01            -2.496083e-01             2.552784e-01             1.065605e-01             6.554330e-02            -1.829524e-01            -2.954449e-01            -1.938299e-01             4.026972e-02            -1.346148e-01             1.925672e-01             7.691918e-02             2.899506e-01             3.295810e-02             1.419402e-01            -5.113547e-02            -4.619126e-02             7.744936e-02 
           -1.656892e-01             9.433605e-02             2.345685e-01             1.781958e-01             7.223888e-02            -9.638624e-02            -2.939802e-01            -5.559543e-02             2.562620e-01             2.319841e-01            -2.602499e-01             2.989449e-01            -8.942707e-02             1.172308e-01            -2.659690e-01            -1.459963e-01            -6.855168e-02            -3.025877e-01            -4.979626e-02            -2.015855e-01             1.709216e-01             1.832370e-01             2.427912e-01            -1.591512e-02            -2.131542e-01            -1.304619e-01            -2.928093e-02            -1.105695e-01            -2.119974e-01             2.492847e-02 
           -2.586195e-01             1.399434e-01             3.063648e-02            -3.011121e-02             3.478379e-01             1.520687e-01             1.787804e-01             2.442072e-02             2.298295e-01             8.371207e-02             3.087162e-01             1.378548e-01            -5.665016e-02             2.176422e-01            -3.436629e-02             2.976301e-02            -9.343451e-02             9.875863e-02             1.138605e-01             1.981359e-01             4.604928e-01             1.400391e-01            -1.465387e-01            -8.173951e-02             3.555094e-01             6.668833e-02            -1.876369e-01             8.970618e-02             1.204722e-02             5.890201e-02 
           -1.437739e-01             2.207090e-01            -8.031307e-02            -2.264518e-01             1.411832e-01            -8.609827e-02             2.401610e-01            -3.306469e-02            -4.509992e-01            -1.803578e-01            -5.876705e-02             1.072237e-01            -3.515169e-01             1.494103e-01             2.235787e-02            -9.409820e-02             1.688198e-02            -2.261971e-02             1.040535e-01            -5.619412e-02             2.034012e-01             6.085755e-02             3.578117e-02             3.327257e-02            -1.503684e-01             2.844388e-02             4.774742e-01            -2.185393e-01            -7.813699e-02            -1.146189e-01 
           -2.200296e-01             1.107897e-01             4.318481e-02             1.151329e-01            -3.269457e-01             6.136502e-02             2.073137e-01            -5.276124e-02             8.756675e-02            -1.281198e-01            -7.219939e-02             2.227472e-01             4.025204e-01             1.544851e-01            -6.278033e-02             2.110747e-01             8.214593e-02             3.168015e-01            -1.527316e-01            -2.269577e-02             1.298783e-01            -2.742204e-01            -7.866887e-03            -1.648429e-01            -1.807580e-01             2.091620e-01             1.324792e-01            -3.294038e-02            -3.171152e-01             9.275149e-02 
           -8.241338e-02             1.034276e-02             8.414989e-02            -2.493466e-01            -6.036293e-02            -1.706543e-01             9.967135e-02            -2.943222e-01            -1.892616e-01             4.546593e-02            -2.745120e-01             4.318070e-02             1.772092e-01            -2.284118e-01            -8.293400e-02             6.709694e-03            -4.639020e-01            -1.944104e-01            -3.819814e-02             2.363859e-01             1.259188e-01            -1.246281e-02             1.526272e-01            -4.567651e-02             1.999716e-02             3.616059e-01            -1.172349e-01             2.295121e-01             1.967411e-01            -2.995413e-02 
           -1.516415e-01             1.123137e-01            -1.346503e-01            -3.486116e-01             1.006920e-01             3.325498e-01             5.132447e-02            -2.543499e-01             3.206900e-01             3.188195e-02            -1.204974e-01            -1.244226e-01            -2.251804e-01             1.422329e-01             8.335030e-02            -7.894177e-02            -3.155960e-02            -8.575785e-02            -2.378268e-01            -1.729783e-01            -1.134493e-01            -4.880357e-01             7.375223e-02             1.954136e-01            -3.101598e-02            -2.870882e-02            -3.363963e-02             1.789757e-02             9.268240e-02             1.317638e-01 
           -2.850896e-01            -2.095953e-01            -1.224242e-01             1.723031e-01            -1.699590e-01            -5.082111e-02             1.122532e-01            -8.048132e-02             9.350237e-02            -2.254594e-01            -6.531279e-02             4.799104e-02            -1.053452e-01            -2.336333e-01             8.913075e-02            -3.465662e-01            -1.975558e-01             3.652295e-02             2.231471e-01             4.576166e-02             7.806879e-03            -1.727549e-01             9.568760e-02            -3.173922e-01             1.983318e-01            -4.509203e-01             1.196664e-01             1.341615e-01            -6.565818e-02             9.136541e-02 
           -3.806003e-02             2.939937e-01            -2.362285e-01             1.578323e-01             2.197159e-01            -1.169754e-01            -1.705484e-01            -3.190059e-01            -2.055709e-01            -1.635840e-01            -2.078752e-01             7.931242e-02             1.504853e-01            -1.159364e-01             2.220475e-01             1.240273e-01            -8.252554e-02             2.321123e-01            -1.799788e-01            -9.575469e-02             7.925999e-02             4.684141e-02            -1.198711e-01             1.495963e-01             9.041963e-02            -3.053665e-01            -3.467106e-01            -1.923861e-01            -5.406355e-02            -1.012793e-01 
           -4.839803e-02             1.854054e-01            -1.625741e-01            -9.382170e-03             6.259834e-03            -3.400713e-01            -2.392136e-01            -2.165617e-01             2.631973e-01            -1.923916e-01             3.075183e-01            -1.334523e-02            -6.077080e-02            -2.099212e-01            -3.129019e-01            -1.854358e-01             1.863826e-01             5.286879e-02            -2.233053e-01             2.200842e-01             4.594110e-02            -2.811586e-02            -2.213381e-01            -9.097024e-02            -2.133762e-01             8.050920e-02             1.637598e-01            -2.032313e-02             2.461436e-01             6.011540e-03 
           -2.567164e-01            -1.127669e-02             2.830088e-01            -1.445279e-01             1.356702e-01            -1.029281e-01             1.549003e-01            -1.226093e-01             4.896792e-03             1.555151e-01            -2.449579e-01            -9.639846e-02            -2.314954e-02            -1.030942e-01             1.338282e-01            -3.030074e-01             3.058708e-01             2.424296e-01             3.567204e-02             9.540029e-02            -3.265517e-01             2.372905e-01            -1.325208e-01            -1.264884e-01             2.239432e-02             1.790259e-01            -1.460090e-01            -2.129276e-01            -7.943623e-02             2.929853e-01 
           -2.046722e-01             2.280167e-01             3.351952e-01            -5.561710e-02            -2.160191e-02             1.415561e-01             1.321890e-01             1.256726e-01            -1.846302e-02            -9.215129e-02             1.535943e-01            -2.206907e-01             4.553947e-02            -4.828395e-02            -1.976393e-01             2.173312e-01            -2.509713e-01             1.634846e-01             3.910630e-02            -1.532403e-01            -1.306235e-01             9.233982e-02             1.408536e-01            -2.049648e-01            -2.559876e-01            -2.836973e-01            -1.045221e-01            -1.968122e-01             4.071911e-01            -3.775102e-02 
           -7.893659e-02             2.888758e-02            -3.714653e-01            -4.968286e-02            -3.154155e-02            -2.885653e-02             2.519820e-01            -2.633380e-02             3.464716e-02             1.490150e-01             2.212207e-02             3.288045e-01            -1.081075e-01            -1.595440e-01            -4.223639e-02             4.454871e-01             2.856860e-01            -2.081620e-01            -1.503591e-02             2.315797e-01            -1.970067e-01             1.321976e-01             3.149926e-01            -8.421277e-02             7.285690e-03            -1.437828e-01            -7.237752e-02            -7.398597e-02             8.932990e-02             1.903940e-01 
           -1.583114e-01            -1.587292e-01             6.258494e-02             3.930761e-02            -7.693310e-02            -2.635462e-01            -8.475770e-02             9.176298e-02             1.839131e-03            -2.296004e-02            -2.452066e-01            -2.940022e-01            -4.941653e-01             9.190582e-02            -2.942088e-01             3.724296e-01            -1.083621e-02             1.915128e-01            -1.375610e-01             1.366515e-01            -1.268553e-03            -1.393150e-01            -3.330904e-02            -5.685147e-02             2.096660e-01             3.747059e-02            -1.238041e-01             9.907600e-03            -1.884581e-01            -1.839815e-01 
           -2.837319e-02             3.688036e-01            -1.116697e-01             3.238278e-03            -1.106139e-01             2.103426e-01            -3.122221e-01             1.347929e-01            -1.284259e-01             3.868668e-01             6.063176e-03             6.444766e-02            -6.182577e-03            -1.556319e-01            -1.216842e-01            -1.589860e-01            -4.667610e-02             3.819531e-01            -3.174462e-02             7.271044e-02            -1.264792e-01            -2.959162e-02             2.934960e-01             5.283950e-03             3.337555e-01             7.612946e-02             2.469406e-01             4.121114e-02             2.946134e-02            -7.575175e-02 
           -1.370743e-01            -6.502922e-02             7.968417e-02            -1.178190e-01            -1.917149e-01            -9.428830e-02             1.851575e-01            -3.411033e-01             6.496071e-02             4.218014e-01             9.860672e-02            -1.495911e-01             1.304145e-01            -5.790433e-02             1.364520e-02             1.620435e-01             3.150818e-02            -5.503160e-02            -1.453142e-01            -2.126397e-01             2.095060e-02             2.392395e-01            -2.793215e-01             1.054049e-01             1.442461e-01            -2.819445e-01             3.336641e-01             1.570156e-01            -5.345479e-02            -2.076728e-01 
           -2.667257e-01            -2.157554e-01            -2.795009e-02             2.751383e-03             3.252636e-01             1.640262e-01            -2.541957e-01             6.643785e-02            -8.389307e-02            -8.706444e-03             4.829312e-02             1.510323e-01             6.486022e-02             1.703288e-01             1.070711e-01             1.205785e-01            -2.984870e-01             1.823362e-02            -1.977971e-01             3.399362e-01            -3.844090e-01             8.964370e-02            -1.734823e-01            -3.646148e-02            -2.345930e-01            -8.096986e-02             2.281957e-01             1.663472e-01            -1.226973e-01            -2.409171e-02 
           -3.876924e-02            -4.815691e-03            -6.287062e-03            -3.052186e-01            -2.502165e-01             1.991796e-02            -2.672502e-01            -5.460038e-02             2.494909e-01             7.632478e-03             1.014171e-01            -8.741717e-02             3.500343e-02            -1.300681e-01             1.831064e-01             1.575074e-01            -1.988047e-01            -2.923614e-02             4.005372e-01             2.710431e-01             7.316564e-02             1.353046e-02            -3.493342e-02             1.778136e-01            -4.623457e-02            -4.215446e-03             3.906552e-02            -4.861137e-01            -2.410782e-01            -2.006986e-02 
           -7.660111e-02            -6.110187e-02            -1.671213e-01            -1.593071e-01            -4.879804e-02            -3.071642e-01            -2.486106e-01            -1.263951e-01            -3.109643e-01             2.903181e-01             3.262065e-01            -1.894025e-01             5.561202e-02             3.490301e-01             1.043135e-01            -1.316925e-02            -2.049357e-03             2.062756e-02             8.047968e-02            -1.268678e-01             6.954706e-02            -1.493524e-01             1.616330e-01            -2.932097e-01            -1.300478e-01            -5.619309e-02            -1.847479e-01             6.780958e-02            -6.788914e-02             2.787266e-01 
           -3.656616e-03             4.549903e-01            -1.327193e-01            -2.827253e-02            -1.919241e-01            -3.023042e-02             6.135118e-02             2.811042e-01             1.841663e-01            -4.407063e-03            -1.416995e-01            -2.900119e-01            -9.162994e-02             2.437727e-02             3.935913e-01            -6.156780e-02            -2.528524e-03            -1.308070e-01            -1.486108e-01             1.629846e-01             7.611837e-02             2.384050e-01             3.081140e-03            -1.880729e-01            -2.228076e-01            -2.850806e-02            -7.728445e-02             3.040119e-01            -1.580973e-01            -1.028708e-01 
           -2.099205e-01             1.415890e-01             2.743947e-01             2.211982e-01            -3.845213e-01             6.989240e-02            -2.131680e-01            -5.055158e-02            -2.173715e-01            -8.999726e-02            -7.087629e-02             5.970632e-02            -9.433449e-02             2.371461e-01             1.517106e-01             6.235909e-02             1.556439e-01            -2.038185e-01            -1.387272e-03             2.273962e-01             6.097500e-02            -3.504085e-02            -1.648099e-01             2.477304e-01             1.517859e-01            -8.318735e-02             4.514744e-02             5.674431e-02             3.445279e-01             3.001228e-01 
           -1.067394e-01             2.440907e-01             2.055588e-01             1.826129e-02            -1.379172e-02            -2.418048e-01             6.546162e-02            -4.729450e-03             1.356953e-02             1.019915e-01             1.949616e-01             3.592221e-01            -1.550006e-01            -5.338482e-02             1.223941e-01             1.544687e-02             3.818050e-02             5.481216e-03             3.508151e-01            -7.915826e-02            -3.119895e-01            -3.096223e-01            -1.288217e-01             1.225323e-01            -1.097836e-01             4.957062e-02            -2.078187e-01             2.529345e-01            -5.048570e-02            -3.519653e-01 
           -2.394659e-01            -2.015807e-01            -1.825439e-01             3.130199e-01            -1.139833e-01            -1.606478e-01             2.817431e-01             1.782673e-01             6.605766e-03             2.822010e-01             1.283596e-01            -5.266260e-02            -5.217108e-03             7.374573e-02             1.230328e-01            -2.628923e-01            -1.612342e-01             5.748678e-02            -2.286965e-01             1.404932e-01             5.499646e-02            -6.298883e-02             1.181537e-01             3.387822e-01            -1.562057e-01             7.755979e-02            -1.129906e-01            -3.043435e-01             1.622975e-01            -1.813783e-01 
           -1.484418e-01             1.506577e-01            -1.984055e-01             2.475876e-01             1.439617e-02             9.391775e-02             4.303516e-02             1.494301e-01            -1.342732e-01             1.318408e-01             7.401215e-02            -1.158057e-01            -1.433367e-01            -3.668415e-01            -1.515956e-01             1.062438e-01            -2.523689e-01            -1.710464e-01             7.506447e-02            -2.718750e-01            -3.076649e-02            -4.089572e-02            -3.709544e-01             7.167197e-02            -7.706192e-02             2.034946e-01            -5.920744e-03            -3.414269e-03            -1.816622e-01             4.236148e-01 
           -1.633582e-01             1.475572e-01            -1.596773e-01             3.590252e-01             2.732254e-01            -1.064353e-01            -1.532404e-02            -1.298954e-01             1.569380e-01            -4.610750e-03            -1.662254e-01            -3.414356e-01             2.538821e-01             1.973427e-01             3.551359e-02             1.271874e-01             7.616366e-02            -2.136080e-01             3.493292e-01            -2.104487e-02            -1.683263e-01            -8.998476e-02             1.004721e-01            -1.018778e-01             1.342328e-01             2.066640e-01             2.479202e-01            -8.384010e-02             1.497637e-01            -1.479857e-01 
