               -0.022844                 0.589105                -0.137636                -0.042386                -0.284192                 0.275162                 0.193637                -0.169799                 0.597525                 0.227709 
               -0.418897                -0.009446                 0.477345                 0.350496                 0.088943                 0.007674                 0.303869                -0.602387                -0.102730                -0.000105 
               -0.392452                 0.170029                -0.605831                 0.230604                 0.454102                 0.083922                -0.378923                -0.187241                -0.067115                 0.021532 
               -0.267900                -0.062223                 0.002430                -0.776633                 0.322687                -0.117374                 0.213035                -0.102387                -0.039575                 0.381911 
               -0.564471                -0.394584                -0.013542                 0.211029                -0.080809                -0.112184                 0.123927                 0.483514                 0.447960                 0.109690 
               -0.191013                 0.232935                 0.542945                -0.217229                 0.120555                -0.008464                -0.652550                 0.077794                 0.256775                -0.234235 
               -0.199604                -0.160015                 0.041713                -0.153881                -0.095416                 0.900368                 0.026921                 0.135684                -0.233783                -0.124814 
               -0.253768                 0.223221                 0.061917                 0.073492                -0.506168                -0.120640                -0.274692                 0.130703                -0.474031                 0.537154 
               -0.091516                 0.566661                 0.140654                 0.118927                 0.352496                -0.045022                 0.386366                 0.525153                -0.254181                -0.143664 
               -0.361227                 0.116584                -0.256575                -0.289952                -0.436305                -0.252008                 0.120676                -0.107885                -0.125580                -0.640451 
