 -2.2843670869651334e-002  5.8910522582392100e-001 -1.3763620363237661e-001 -4.2386224245527203e-002 -2.8419204335665355e-001  2.7516186795846842e-001  1.9363667612444263e-001 -1.6979856273154634e-001  5.9752452883359675e-001  2.2770910206305842e-001
 -4.1889724810295942e-001 -9.4464105703682688e-003  4.7734541537993985e-001  3.5049649827058743e-001  8.8942509503036199e-002  7.6736237667475310e-003  3.0386920731110234e-001 -6.0238680134486589e-001 -1.0272974716342578e-001 -1.0458423927570126e-004
 -3.9245245032215714e-001  1.7002874899464268e-001 -6.0583120232885368e-001  2.3060424404861660e-001  4.5410180760074542e-001  8.3922418023884851e-002 -3.7892342246239374e-001 -1.8724096223846526e-001 -6.7114552226648055e-002  2.1531618577552744e-002
 -2.6790048490059637e-001 -6.2223245251680104e-002  2.4300314513334767e-003 -7.7663328517260477e-001  3.2268663898824479e-001 -1.1737358359954149e-001  2.1303488927468767e-001 -1.0238681231054531e-001 -3.9575451756714008e-002  3.8191107391100593e-001
 -5.6447073129797287e-001 -3.9458435173671519e-001 -1.3542120377164735e-002  2.1102870480468081e-001 -8.0808610478656728e-002 -1.1218436436689042e-001  1.2392740055976383e-001  4.8351391004550920e-001  4.4796046223596658e-001  1.0968973934258733e-001
 -1.9101301070922622e-001  2.3293465024992549e-001  5.4294458156733749e-001 -2.1722878312728611e-001  1.2055544073160265e-001 -8.4639803617577170e-003 -6.5255009309458079e-001  7.7794479483574000e-002  2.5677481061565127e-001 -2.3423525337643730e-001
 -1.9960424036845620e-001 -1.6001470067146734e-001  4.1712996481134676e-002 -1.5388149504782622e-001 -9.5415772385200714e-002  9.0036751139180571e-001  2.6921079882486994e-002  1.3568429943131466e-001 -2.3378343390078549e-001 -1.2481370674719991e-001
 -2.5376806847015121e-001  2.2322094092623523e-001  6.1917326635545271e-002  7.3491515186395046e-002 -5.0616803388381193e-001 -1.2064016737955791e-001 -2.7469153017118852e-001  1.3070276472403955e-001 -4.7403132923492663e-001  5.3715448592853643e-001
 -9.1516379579272805e-002  5.6666102750254921e-001  1.4065427995163710e-001  1.1892716824013438e-001  3.5249603961964354e-001 -4.5022394692638204e-002  3.8636628391098810e-001  5.2515334235248212e-001 -2.5418075479224661e-001 -1.4366442133948212e-001
 -3.6122729247306062e-001  1.1658437111462618e-001 -2.5657497059896195e-001 -2.8995239013391727e-001 -4.3630452889878862e-001 -2.5200761773178582e-001  1.2067645639662596e-001 -1.0788510247678429e-001 -1.2557996147793768e-001 -6.4045141344214562e-001
