 -1.3955312538274711e-001 -3.5611399083014562e-002 -1.9129410705305777e-001 -2.1062303778539926e-001  6.2179104566706021e-002 -2.2442005694363285e-001  2.0249872883025930e-003  2.4948634174814185e-001  1.0192841605224073e-001 -5.2535721989422225e-002 -2.4065729055353674e-001 -4.6134879042006520e-002  1.9680948345182808e-001  7.7508416401981708e-002 -2.1424513188355740e-001  1.5031554799407067e-003  4.6715755233230356e-002  2.7485289676887148e-001  2.9116407892706925e-001 -3.9266200639383741e-002  6.9340793607532647e-002  1.0187395138291663e-001  3.0525081938272143e-002  4.7179312892100878e-001 -1.5158633971968030e-001 -1.7119423594351646e-001  3.2679193985990319e-002  3.2658548553907724e-001  9.6358299779794446e-002  2.1432675303573825e-001
 -1.6068986826926562e-001 -1.6429063552020934e-001 -2.6528370187332917e-001 -2.0638666693516131e-001 -1.4244867669732353e-001  2.0740500483915701e-002 -1.8966563155499705e-001  2.5673452615032188e-001  6.3713011498455568e-002  9.9009605688666028e-002 -2.7273224678770192e-001  2.6739683657579377e-001  2.2704170445537880e-003  5.6231018161379251e-002  1.1283680082921912e-001  2.5162925086703852e-002  2.0726018343296716e-002  5.8547385414673067e-003  3.7835523568049194e-002 -2.7786626342912996e-001  7.4509319850396286e-002  2.8799765540381071e-002 -3.5444621901720519e-001 -3.2292615233991689e-001  3.1868504467180828e-002  1.2625103333180043e-001 -4.0543904721467919e-002 -1.4002004539620763e-001  3.8181815071947145e-001 -1.8958225141926005e-001
 -1.6987560931838269e-001  9.5928981457584911e-002 -2.0021645555516182e-001 -1.4566590182401593e-001 -2.6872462516968637e-001  4.9244157090848409e-003  3.5479191922009150e-002 -4.3555073546727094e-003 -3.2194137910281771e-002 -3.3039273409730485e-001  1.6954002708468907e-001  1.8738338819523900e-002  1.0382656883997136e-001  2.8298378745970726e-001 -2.7775813681855305e-001 -1.9367629296684075e-001 -1.0740322375184831e-001 -1.9382023090640865e-001 -6.7402897220091434e-002 -1.4793386830225549e-001 -3.6724180836175302e-001  2.9620531663931565e-001  1.2905102215622950e-002  9.2934367864128037e-002  2.9112241667812788e-001  9.7452895396017619e-002 -1.9761292721394880e-001 -5.0068427900197568e-002 -1.7317797907534069e-001 -9.7850519506200079e-002
 -3.1067106215572809e-001 -5.1573759434431786e-002 -2.3716068238514632e-002 -1.0565681246051820e-001  5.8258993171091067e-002  3.1252499692170582e-001 -7.8650519069195873e-002  9.4570896879134156e-002 -2.8610640318374636e-001  5.0939129544573497e-002 -1.4835496961278026e-002 -1.8125606031834296e-001  2.2442826982353323e-001 -2.1000096604134522e-001 -2.4246242847475152e-001 -1.2017208730757191e-001  3.9168452780657897e-001 -2.5257019744255393e-001  4.9303572255821798e-002  1.7380709385845905e-001  1.6881848480586531e-001 -1.7866731736502003e-001 -5.5832104645779743e-002 -3.0844574435961447e-003 -1.0981745554170089e-001 -1.2966600107916687e-001 -2.0103357952257295e-001  2.5142906017462802e-002 -1.3896923771726957e-001 -2.9163339424900114e-001
 -3.0258096522725791e-001 -2.2904379788540119e-001 -4.0157833701723440e-002  1.1795134866937301e-001 -6.7128752203041653e-002  2.1431584031443424e-001 -1.9360874630962793e-001 -2.4043419722215204e-001  2.3366166403311791e-002 -1.9010853797560412e-001  1.5939232719167207e-001 -4.9498388332958998e-002 -2.0167434317621491e-001 -1.7811976158504811e-001  2.1551649752418039e-001  1.1196597942383947e-001  1.4018530972108476e-001  1.7703070451742542e-001  6.8028079100455205e-002 -2.5174604568332848e-001  1.0909524475570517e-001  2.9956372304363771e-001  2.9205197639269159e-001  1.0606945659453201e-001 -1.5554672908423953e-001  3.1101602140472073e-001 -3.9232108318894003e-002  2.1583767833090228e-001  3.8571712867197780e-002 -1.0527251604445806e-001
 -2.4650735216065517e-001 -6.1768750612545666e-003  2.2088748234959960e-001 -1.8024200684643679e-001  1.8279560928961644e-001 -3.2314907417824890e-001 -1.0889231582233205e-001  3.7501624690371005e-001  3.6005518383996370e-002 -1.7062149740024565e-001  1.5495421145993382e-001  1.5317280948709431e-002  1.8078994761208980e-001 -2.4960826189508001e-001  2.5527841925382622e-001  1.0656050657066503e-001  6.5543297415408153e-002 -1.8295244184161025e-001 -2.9544488615769682e-001 -1.9382991080512413e-001  4.0269721666593886e-002 -1.3461480889307592e-001  1.9256721771471266e-001  7.6919181484784160e-002  2.8995060283132290e-001  3.2958095322438610e-002  1.4194020748107003e-001 -5.1135465185139659e-002 -4.6191258130339051e-002  7.7449358883002362e-002
 -1.6568919032256121e-001  9.4336051169312027e-002  2.3456848166104508e-001  1.7819577948903434e-001  7.2238881039220534e-002 -9.6386242063678074e-002 -2.9398017245521213e-001 -5.5595426200059625e-002  2.5626196684072966e-001  2.3198408852619798e-001 -2.6024991308939338e-001  2.9894491284437430e-001 -8.9427067568959753e-002  1.1723082372904191e-001 -2.6596897945745934e-001 -1.4599627228249221e-001 -6.8551680914665000e-002 -3.0258774012878004e-001 -4.9796262968387212e-002 -2.0158547749801950e-001  1.7092162180504500e-001  1.8323696229090236e-001  2.4279117645397880e-001 -1.5915118373167794e-002 -2.1315418094284067e-001 -1.3046185244118319e-001 -2.9280928268553552e-002 -1.1056948467304642e-001 -2.1199735829367458e-001  2.4928465232506438e-002
 -2.5861945459974262e-001  1.3994342755237990e-001  3.0636476271306903e-002 -3.0111209742755985e-002  3.4783791615600529e-001  1.5206870872422168e-001  1.7878037540958963e-001  2.4420718848698307e-002  2.2982952158723230e-001  8.3712066423511866e-002  3.0871623396735592e-001  1.3785476410573208e-001 -5.6650159123362777e-002  2.1764219065573884e-001 -3.4366293681307461e-002  2.9763007795080641e-002 -9.3434512792107849e-002  9.8758628652932529e-002  1.1386048602945570e-001  1.9813585076614057e-001  4.6049279695899736e-001  1.4003911119642512e-001 -1.4653866505491880e-001 -8.1739505912277285e-002  3.5550936843987541e-001  6.6688326464912823e-002 -1.8763688983132037e-001  8.9706177155235128e-002  1.2047222330341910e-002  5.8902009426207998e-002
 -1.4377386399377795e-001  2.2070898776071415e-001 -8.0313067135602184e-002 -2.2645180102701901e-001  1.4118319834492729e-001 -8.6098267530637748e-002  2.4016099880665315e-001 -3.3064692613008782e-002 -4.5099917930582950e-001 -1.8035777763978561e-001 -5.8767053682053053e-002  1.0722366156290242e-001 -3.5151686953696243e-001  1.4941033277229385e-001  2.2357867531627471e-002 -9.4098195446995561e-002  1.6881984806023809e-002 -2.2619709377823781e-002  1.0405353024623132e-001 -5.6194116695754970e-002  2.0340120200908507e-001  6.0857545735145895e-002  3.5781169313969338e-002  3.3272566837896950e-002 -1.5036835297993609e-001  2.8443877020504840e-002  4.7747423868489358e-001 -2.1853925662258816e-001 -7.8136994490577316e-002 -1.1461893672248670e-001
 -2.2002955289950230e-001  1.1078965691359213e-001  4.3184806686551828e-002  1.1513290032566392e-001 -3.2694572029660035e-001  6.1365021375503787e-002  2.0731365584363717e-001 -5.2761235182884413e-002  8.7566747848180235e-002 -1.2811980629255462e-001 -7.2199392727563455e-002  2.2274724542996119e-001  4.0252043248683522e-001  1.5448513015926724e-001 -6.2780331076068147e-002  2.1107466322112897e-001  8.2145927101316019e-002  3.1680149778778616e-001 -1.5273156696817183e-001 -2.2695769219702976e-002  1.2987831395941332e-001 -2.7422042295594501e-001 -7.8668872172790866e-003 -1.6484290181540256e-001 -1.8075803755668540e-001  2.0916198807874151e-001  1.3247915749310415e-001 -3.2940384076242932e-002 -3.1711515415554181e-001  9.2751492301441543e-002
 -8.2413377719370864e-002  1.0342757670676325e-002  8.4149889770508621e-002 -2.4934660361151642e-001 -6.0362933974809831e-002 -1.7065427956565826e-001  9.9671345979815695e-002 -2.9432222275093189e-001 -1.8926161736429900e-001  4.5465931296284234e-002 -2.7451204967921228e-001  4.3180700050053297e-002  1.7720922952977444e-001 -2.2841183631891882e-001 -8.2934001821650311e-002  6.7096937337750018e-003 -4.6390195986642119e-001 -1.9441043033309011e-001 -3.8198137407433094e-002  2.3638587180298756e-001  1.2591881805001806e-001 -1.2462811716698659e-002  1.5262717948814025e-001 -4.5676505014347508e-002  1.9997163255366861e-002  3.6160592893821447e-001 -1.1723486136682482e-001  2.2951205062118704e-001  1.9674107216490205e-001 -2.9954131372021835e-002
 -1.5164151634578835e-001  1.1231371393167021e-001 -1.3465030482743784e-001 -3.4861163707256743e-001  1.0069196171175070e-001  3.3254980790044608e-001  5.1324471583125940e-002 -2.5434987136326437e-001  3.2069004724089922e-001  3.1881952000681280e-002 -1.2049738380202010e-001 -1.2442262926221369e-001 -2.2518041996945179e-001  1.4223285408062541e-001  8.3350298074275797e-002 -7.8941768395855857e-002 -3.1559603735235114e-002 -8.5757845898633625e-002 -2.3782675897793959e-001 -1.7297827902999699e-001 -1.1344929081016152e-001 -4.8803568593825775e-001  7.3752227165791565e-002  1.9541355638866512e-001 -3.1015983831110379e-002 -2.8708824322380186e-002 -3.3639627111975948e-002  1.7897574361429996e-002  9.2682398331914329e-002  1.3176375881278721e-001
 -2.8508958997031492e-001 -2.0959526264946371e-001 -1.2242423422299584e-001  1.7230310754313230e-001 -1.6995895991980806e-001 -5.0821114192304208e-002  1.1225320090340797e-001 -8.0481320550476493e-002  9.3502368897727228e-002 -2.2545936448523582e-001 -6.5312787815575063e-002  4.7991038949569784e-002 -1.0534523026037204e-001 -2.3363326364314141e-001  8.9130746529332894e-002 -3.4656618023575825e-001 -1.9755578093758713e-001  3.6522949223397161e-002  2.2314712185866500e-001  4.5761659149802084e-002  7.8068794329370379e-003 -1.7275492032888812e-001  9.5687599649417684e-002 -3.1739224889166462e-001  1.9833177106756153e-001 -4.5092034537179443e-001  1.1966638334845260e-001  1.3416154742083380e-001 -6.5658181760271370e-002  9.1365413056869516e-002
 -3.8060026810123694e-002  2.9399373016995783e-001 -2.3622846062938319e-001  1.5783228395586080e-001  2.1971590900610727e-001 -1.1697539874894590e-001 -1.7054842161868680e-001 -3.1900587754077503e-001 -2.0557093421947539e-001 -1.6358396028251682e-001 -2.0787522144276255e-001  7.9312421620472612e-002  1.5048525187158535e-001 -1.1593637961338184e-001  2.2204749702696122e-001  1.2402732561430595e-001 -8.2525542764129114e-002  2.3211234871257291e-001 -1.7997875343693498e-001 -9.5754687046717094e-002  7.9259989211006229e-002  4.6841411158494377e-002 -1.1987107752127701e-001  1.4959631090432873e-001  9.0419628465338936e-002 -3.0536650977628432e-001 -3.4671060193378750e-001 -1.9238610481219603e-001 -5.4063550955272398e-002 -1.0127933116298271e-001
 -4.8398025090108189e-002  1.8540542331261817e-001 -1.6257407703685411e-001 -9.3821703440615835e-003  6.2598341009975217e-003 -3.4007125491967910e-001 -2.3921363654777758e-001 -2.1656170889092363e-001  2.6319734668153510e-001 -1.9239155115692017e-001  3.0751826238255625e-001 -1.3345232483670885e-002 -6.0770801124078899e-002 -2.0992120164351391e-001 -3.1290188261995816e-001 -1.8543576495549324e-001  1.8638258911590094e-001  5.2868788956250384e-002 -2.2330534638328703e-001  2.2008422654142082e-001  4.5941095959295748e-002 -2.8115860338579157e-002 -2.2133809558753795e-001 -9.0970236022242773e-002 -2.1337620886796765e-001  8.0509199275246052e-002  1.6375977521856616e-001 -2.0323131571084153e-002  2.4614358894498078e-001  6.0115395128079920e-003
 -2.5671644653313530e-001 -1.1276691452153141e-002  2.8300875650307544e-001 -1.4452788539567954e-001  1.3567024578788633e-001 -1.0292810019202443e-001  1.5490028329465086e-001 -1.2260934513586844e-001  4.8967918792700120e-003  1.5551509245616701e-001 -2.4495787852001050e-001 -9.6398462522814796e-002 -2.3149535188798129e-002 -1.0309418670830947e-001  1.3382817239774977e-001 -3.0300742519121743e-001  3.0587075705525074e-001  2.4242959799488592e-001  3.5672042282723027e-002  9.5400288621399834e-002 -3.2655174231535877e-001  2.3729051762206393e-001 -1.3252079464054645e-001 -1.2648838980942168e-001  2.2394320814287993e-002  1.7902591810053423e-001 -1.4600902767964735e-001 -2.1292764170401723e-001 -7.9436233812511331e-002  2.9298528462092727e-001
 -2.0467224697860076e-001  2.2801672988989499e-001  3.3519523970075749e-001 -5.5617104897149661e-002 -2.1601906617858518e-002  1.4155611507022506e-001  1.3218904311621577e-001  1.2567260764413063e-001 -1.8463016534684941e-002 -9.2151288649116772e-002  1.5359429196389596e-001 -2.2069068977600909e-001  4.5539466096344169e-002 -4.8283951638155985e-002 -1.9763927695265426e-001  2.1733119241961854e-001 -2.5097126190816199e-001  1.6348461883569876e-001  3.9106300758336487e-002 -1.5324026982313738e-001 -1.3062353345585667e-001  9.2339817627497225e-002  1.4085363344437113e-001 -2.0496481231965633e-001 -2.5598755792822941e-001 -2.8369727272771861e-001 -1.0452205602828742e-001 -1.9681223581654519e-001  4.0719109454349528e-001 -3.7751022403447257e-002
 -7.8936590636201912e-002  2.8887584518516266e-002 -3.7146527205625496e-001 -4.9682863858083348e-002 -3.1541551819478007e-002 -2.8856533824838108e-002  2.5198204020816561e-001 -2.6333797225286594e-002  3.4647158065499166e-002  1.4901497182518367e-001  2.2122065106885174e-002  3.2880449004952755e-001 -1.0810752095656603e-001 -1.5954403946798271e-001 -4.2236388678828958e-002  4.4548708468241344e-001  2.8568602389567516e-001 -2.0816197705358916e-001 -1.5035910329980185e-002  2.3157969024190803e-001 -1.9700673961730272e-001  1.3219764838922540e-001  3.1499259442774380e-001 -8.4212774754225589e-002  7.2856901966402016e-003 -1.4378278938067757e-001 -7.2377515158174435e-002 -7.3985973289176790e-002  8.9329903279998776e-002  1.9039397629330329e-001
 -1.5831141530127099e-001 -1.5872924690151280e-001  6.2584937674999563e-002  3.9307607362260230e-002 -7.6933098005693742e-002 -2.6354621565010833e-001 -8.4757699340152301e-002  9.1762976273182223e-002  1.8391308057182001e-003 -2.2960036993986622e-002 -2.4520655524295107e-001 -2.9400221438982982e-001 -4.9416526831740060e-001  9.1905820662760665e-002 -2.9420876548666558e-001  3.7242961889324117e-001 -1.0836212640655783e-002  1.9151276241144016e-001 -1.3756101051165626e-001  1.3665148657167864e-001 -1.2685531686647111e-003 -1.3931495666464083e-001 -3.3309043952573003e-002 -5.6851469891466735e-002  2.0966600445252331e-001  3.7470592081287390e-002 -1.2380412531636791e-001  9.9075995363980332e-003 -1.8845811208786117e-001 -1.8398150481901759e-001
 -2.8373189739511279e-002  3.6880361891641217e-001 -1.1166968284562104e-001  3.2382778451483293e-003 -1.1061385862202530e-001  2.1034263907944958e-001 -3.1222213565348178e-001  1.3479293328788580e-001 -1.2842587356829527e-001  3.8686675058264058e-001  6.0631757771435002e-003  6.4447660906654547e-002 -6.1825772072607189e-003 -1.5563190659868614e-001 -1.2168416735139478e-001 -1.5898600485395828e-001 -4.6676098803307982e-002  3.8195310411550953e-001 -3.1744621640455328e-002  7.2710442897432614e-002 -1.2647921940008172e-001 -2.9591617505251494e-002  2.9349596718087834e-001  5.2839499403472216e-003  3.3375545727618861e-001  7.6129456397120709e-002  2.4694062298954988e-001  4.1211135894238804e-002  2.9461344293173691e-002 -7.5751751361740727e-002
 -1.3707429995939757e-001 -6.5029215543373695e-002  7.9684174488586890e-002 -1.1781898741170969e-001 -1.9171487073082180e-001 -9.4288298256777980e-002  1.8515752758083648e-001 -3.4110333521035541e-001  6.4960707697392775e-002  4.2180144399419611e-001  9.8606717894936941e-002 -1.4959112769331984e-001  1.3041451824571837e-001 -5.7904330818339636e-002  1.3645195306175400e-002  1.6204353681333375e-001  3.1508175468383283e-002 -5.5031603012719130e-002 -1.4531420355200256e-001 -2.1263974582096001e-001  2.0950601003811291e-002  2.3923951681189248e-001 -2.7932148487352254e-001  1.0540490129003535e-001  1.4424609965375962e-001 -2.8194454742437219e-001  3.3366406805398874e-001  1.5701564223224226e-001 -5.3454793459363985e-002 -2.0767282767631814e-001
 -2.6672565782771041e-001 -2.1575537723902632e-001 -2.7950094854432068e-002  2.7513828021385398e-003  3.2526358359556123e-001  1.6402621957841024e-001 -2.5419571270115948e-001  6.6437846303203041e-002 -8.3893073601356269e-002 -8.7064436100275956e-003  4.8293120281695349e-002  1.5103231057126915e-001  6.4860221497600623e-002  1.7032884837924844e-001  1.0707109960700165e-001  1.2057851436776394e-001 -2.9848699728287859e-001  1.8233619454519019e-002 -1.9779713418645767e-001  3.3993624569071551e-001 -3.8440901637730612e-001  8.9643700748183702e-002 -1.7348231794220892e-001 -3.6461476638929791e-002 -2.3459298813960125e-001 -8.0969856587596784e-002  2.2819567274628316e-001  1.6634717087548664e-001 -1.2269728700849053e-001 -2.4091714626207787e-002
 -3.8769240441038952e-002 -4.8156914456642091e-003 -6.2870621085779474e-003 -3.0521862489736906e-001 -2.5021648454792633e-001  1.9917964911136191e-002 -2.6725017573404736e-001 -5.4600379315551117e-002  2.4949094855421203e-001  7.6324779819995359e-003  1.0141710828865205e-001 -8.7417167520494582e-002  3.5003432133785324e-002 -1.3006805962602830e-001  1.8310639105118606e-001  1.5750738193646460e-001 -1.9880471330107322e-001 -2.9236140592266886e-002  4.0053719586708569e-001  2.7104305275010010e-001  7.3165640764451270e-002  1.3530456892447390e-002 -3.4933418143252695e-002  1.7781356433398041e-001 -4.6234573079140945e-002 -4.2154461329499352e-003  3.9065518780065485e-002 -4.8611370437209594e-001 -2.4107822127874362e-001 -2.0069857213789722e-002
 -7.6601112846566746e-002 -6.1101869037655167e-002 -1.6712132746525074e-001 -1.5930710795956907e-001 -4.8798039809676189e-002 -3.0716420955374130e-001 -2.4861058204138459e-001 -1.2639508371530819e-001 -3.1096426561496882e-001  2.9031811119291229e-001  3.2620649581376954e-001 -1.8940254499434833e-001  5.5612023859856516e-002  3.4903006463527864e-001  1.0431353802660653e-001 -1.3169246321231261e-002 -2.0493570182100892e-003  2.0627564084122880e-002  8.0479675315154639e-002 -1.2686776261663454e-001  6.9547055892806367e-002 -1.4935244644087606e-001  1.6163295051253790e-001 -2.9320973402444162e-001 -1.3004783955619162e-001 -5.6193087283372876e-002 -1.8474789096902891e-001  6.7809576154002266e-002 -6.7889139038709079e-002  2.7872660694806983e-001
 -3.6566157516883095e-003  4.5499030951040109e-001 -1.3271927412577658e-001 -2.8272532124613163e-002 -1.9192408467165623e-001 -3.0230417106900564e-002  6.1351181199566562e-002  2.8110418086460803e-001  1.8416633743837243e-001 -4.4070634383059802e-003 -1.4169954810680221e-001 -2.9001191304210377e-001 -9.1629943188151194e-002  2.4377269432495890e-002  3.9359131867627078e-001 -6.1567800547055809e-002 -2.5285238439444833e-003 -1.3080704541220101e-001 -1.4861082343378981e-001  1.6298455493612116e-001  7.6118368182958709e-002  2.3840500455067759e-001  3.0811402296832659e-003 -1.8807287849955487e-001 -2.2280759505324274e-001 -2.8508061022489956e-002 -7.7284454074248721e-002  3.0401189615839169e-001 -1.5809731724728748e-001 -1.0287082355463011e-001
 -2.0992045632739528e-001  1.4158902376457458e-001  2.7439469275517003e-001  2.2119819656252246e-001 -3.8452134502215446e-001  6.9892403201397613e-002 -2.1316804029146064e-001 -5.0551578068136982e-002 -2.1737150053500787e-001 -8.9997257172905312e-002 -7.0876288406338250e-002  5.9706322053440619e-002 -9.4334489278568634e-002  2.3714614341194248e-001  1.5171060102537440e-001  6.2359094555111037e-002  1.5564392848763761e-001 -2.0381850498867710e-001 -1.3872722094269985e-003  2.2739623542247850e-001  6.0975004712103570e-002 -3.5040853330014179e-002 -1.6480993124045229e-001  2.4773042376161131e-001  1.5178592414562828e-001 -8.3187354627369509e-002  4.5147443587559122e-002  5.6744311069299572e-002  3.4452791173028080e-001  3.0012277746060378e-001
 -1.0673936924353629e-001  2.4409065928521403e-001  2.0555876057709130e-001  1.8261288594134679e-002 -1.3791723952092768e-002 -2.4180476574634682e-001  6.5461622078395565e-002 -4.7294503913377223e-003  1.3569532571838615e-002  1.0199150083303250e-001  1.9496157746235476e-001  3.5922207822662527e-001 -1.5500061617881525e-001 -5.3384822676672009e-002  1.2239413571544799e-001  1.5446871845833062e-002  3.8180496790845377e-002  5.4812161982744322e-003  3.5081509716484388e-001 -7.9158264188825794e-002 -3.1198948079795136e-001 -3.0962234199720995e-001 -1.2882174044784109e-001  1.2253231355830305e-001 -1.0978359911333349e-001  4.9570622243964121e-002 -2.0781873927009711e-001  2.5293445986597329e-001 -5.0485695716532365e-002 -3.5196533393891072e-001
 -2.3946590233759762e-001 -2.0158072503502439e-001 -1.8254394637572124e-001  3.1301993376243259e-001 -1.1398331948972824e-001 -1.6064777388347859e-001  2.8174306422609080e-001  1.7826731585959318e-001  6.6057659996288931e-003  2.8220099829485612e-001  1.2835958514265483e-001 -5.2662604721018025e-002 -5.2171084711734525e-003  7.3745729448996822e-002  1.2303284632193784e-001 -2.6289225090955576e-001 -1.6123416559596682e-001  5.7486781700007906e-002 -2.2869647523680098e-001  1.4049315931230072e-001  5.4996456670901334e-002 -6.2988827113119678e-002  1.1815367598710309e-001  3.3878216850988829e-001 -1.5620573879784699e-001  7.7559791628697167e-002 -1.1299062616219205e-001 -3.0434346906964937e-001  1.6229746610349011e-001 -1.8137831498715135e-001
 -1.4844175819368777e-001  1.5065765233701933e-001 -1.9840546481425847e-001  2.4758764364616342e-001  1.4396166774576674e-002  9.3917745482327925e-002  4.3035164869178626e-002  1.4943009002805424e-001 -1.3427321105615708e-001  1.3184083193696072e-001  7.4012149661433685e-002 -1.1580566744668511e-001 -1.4333669959838236e-001 -3.6684145382973554e-001 -1.5159558609975152e-001  1.0624383178836352e-001 -2.5236891008043094e-001 -1.7104637482175655e-001  7.5064472658010722e-002 -2.7187501475565279e-001 -3.0766489642294906e-002 -4.0895723459993406e-002 -3.7095441645451843e-001  7.1671971027825271e-002 -7.7061923091055001e-002  2.0349460089763410e-001 -5.9207439398418910e-003 -3.4142691788443397e-003 -1.8166219870799000e-001  4.2361481975905524e-001
 -1.6335823492550480e-001  1.4755723623518402e-001 -1.5967731464479673e-001  3.5902515950142161e-001  2.7322535351571259e-001 -1.0643531736508231e-001 -1.5324036569507364e-002 -1.2989543040658058e-001  1.5693798459585157e-001 -4.6107502862362893e-003 -1.6622537156991093e-001 -3.4143558358185305e-001  2.5388208144518587e-001  1.9734271837904568e-001  3.5513588261129644e-002  1.2718742651432591e-001  7.6163662655763978e-002 -2.1360796392251416e-001  3.4932923923293424e-001 -2.1044865945673348e-002 -1.6832630939582036e-001 -8.9984756603053204e-002  1.0047207867080274e-001 -1.0187776137113953e-001  1.3423284151869039e-001  2.0666401609038101e-001  2.4792019751967015e-001 -8.3840098879817831e-002  1.4976366055002738e-001 -1.4798574408973084e-001
