           -2.284367e-02             5.891052e-01            -1.376362e-01            -4.238622e-02            -2.841920e-01             2.751619e-01             1.936367e-01            -1.697986e-01             5.975245e-01             2.277091e-01 
           -4.188972e-01            -9.446411e-03             4.773454e-01             3.504965e-01             8.894251e-02             7.673624e-03             3.038692e-01            -6.023868e-01            -1.027297e-01            -1.045842e-04 
           -3.924525e-01             1.700287e-01            -6.058312e-01             2.306042e-01             4.541018e-01             8.392242e-02            -3.789234e-01            -1.872410e-01            -6.711455e-02             2.153162e-02 
           -2.679005e-01            -6.222325e-02             2.430031e-03            -7.766333e-01             3.226866e-01            -1.173736e-01             2.130349e-01            -1.023868e-01            -3.957545e-02             3.819111e-01 
           -5.644707e-01            -3.945844e-01            -1.354212e-02             2.110287e-01            -8.080861e-02            -1.121844e-01             1.239274e-01             4.835139e-01             4.479605e-01             1.096897e-01 
           -1.910130e-01             2.329347e-01             5.429446e-01            -2.172288e-01             1.205554e-01            -8.463980e-03            -6.525501e-01             7.779448e-02             2.567748e-01            -2.342353e-01 
           -1.996042e-01            -1.600147e-01             4.171300e-02            -1.538815e-01            -9.541577e-02             9.003675e-01             2.692108e-02             1.356843e-01            -2.337834e-01            -1.248137e-01 
           -2.537681e-01             2.232209e-01             6.191733e-02             7.349152e-02            -5.061680e-01            -1.206402e-01            -2.746915e-01             1.307028e-01            -4.740313e-01             5.371545e-01 
           -9.151638e-02             5.666610e-01             1.406543e-01             1.189272e-01             3.524960e-01            -4.502239e-02             3.863663e-01             5.251533e-01            -2.541808e-01            -1.436644e-01 
           -3.612273e-01             1.165844e-01            -2.565750e-01            -2.899524e-01            -4.363045e-01            -2.520076e-01             1.206765e-01            -1.078851e-01            -1.255800e-01            -6.404514e-01 
