 -2.2816384663504685e-001 -5.8542989977338478e-003 -1.4400851007126642e-001  6.3426975965022114e-001 -4.9763944857182840e-001 -5.5062134470880077e-002  4.8564976211974603e-001 -1.0471270529212511e-001  3.4433775947581881e-002 -1.6182527874938615e-001
 -3.3219304685285650e-001 -2.2535522734559021e-001  5.6310136835870028e-001 -1.4541697300109371e-001 -3.2701856721716699e-001 -2.5588904296120385e-001 -6.5038046125538207e-002  4.0634942964021975e-001  3.7981016705821341e-001  1.2086206609385095e-001
 -1.2813000233816876e-001 -5.2210977714105500e-001 -8.1321470236369237e-002 -9.9729132056560005e-002  4.3226229701938468e-001 -2.6862859255510757e-001  5.6524024955363250e-001  1.0854547908717654e-001 -2.3722654769735307e-001  2.1876446688537951e-001
 -4.1727375931966509e-001 -2.8961919707673013e-002 -2.4159981926415275e-001 -5.8960376372370837e-001 -3.4553893101122024e-001  4.9219535745525600e-001  2.0047045779536049e-001 -6.9543966252636785e-002 -1.1057421632713829e-001  1.1657545726818486e-002
 -4.1716226780991761e-001 -6.3135944041845693e-002 -2.5150608180956285e-001 -5.7880115267958387e-002 -1.3506439226595712e-001 -5.7303192458051222e-001 -4.5149253517061561e-001 -1.8464494969719414e-001 -3.9497311098839238e-001 -1.2179111683971357e-001
 -2.7627352819932477e-001  3.3563584135315805e-001 -2.1669108690869167e-002 -1.5228516430305208e-001  2.6041534540120698e-001 -2.5562159838945281e-001  1.8823295207473442e-001 -5.4204431209351744e-001  5.5724268370928720e-001  1.2016470083327024e-001
 -2.0745342356624652e-001 -1.9495986183693020e-001 -4.8470389205882680e-001  2.9964153913171321e-001  7.7950489794862771e-002  2.0450400378614531e-001 -3.2815055096630275e-001  1.8705296426612855e-001  3.0795859263878123e-001  5.5571805587802958e-001
 -3.7127127939440102e-001 -2.1365890658858855e-002  5.4176914683394695e-001  2.9356224473465387e-001  1.9529155401017059e-001  3.5741373970221452e-001 -1.2619448822784729e-001 -3.4822359067730102e-001 -3.4584441835884638e-001  2.4358178041365861e-001
 -4.5831781741537930e-001  3.9892270183884299e-001 -6.7893627384482125e-002  1.1641214251022254e-001  4.2183591172582857e-001  9.8642719655212915e-002  4.4247906506654916e-002  5.2062359950802772e-001 -1.4738632606746960e-002 -3.8954353439042716e-001
 -7.5950137027161288e-002 -6.0124919960645706e-001 -2.0215544847996356e-002  5.4044135089778365e-002  1.7591714278141382e-001  2.0992028300327939e-001 -1.8811313934628612e-001 -2.2824044224854928e-001  3.2383361328299037e-001 -6.0169735894554788e-001
