           -1.242020e-01            -2.856043e-01             4.145996e-02             4.889549e-02             2.890270e-01             4.833931e-02             2.754589e-02            -2.799449e-01             3.650391e-02            -8.022409e-02             4.747840e-02            -2.758403e-01            -2.366932e-01             2.963231e-01             7.660786e-02             2.101732e-01            -2.532389e-01             3.706253e-01             5.547369e-02             2.191453e-01             4.211553e-02            -1.659077e-01             2.728573e-01            -1.259394e-01            -6.454969e-02             4.339886e-02            -7.499307e-02            -1.441936e-01            -6.486499e-02             2.122043e-01 
           -5.223672e-02            -1.325420e-01             9.546491e-02             7.809918e-02             1.213199e-01            -4.058896e-01            -2.682533e-01             3.030187e-01             1.730844e-01            -6.591192e-02             2.909527e-02            -3.161457e-02            -9.254093e-02            -4.909852e-02            -2.413075e-01             1.417024e-01             6.893838e-02             1.107851e-01            -3.036093e-02             1.566545e-01            -1.978452e-01            -2.069077e-01            -1.824511e-01             2.680474e-01             2.975363e-01             2.855134e-02            -8.548928e-02            -2.324230e-01             3.327308e-01            -6.965980e-02 
           -2.566424e-01            -7.340073e-02            -2.863741e-01             1.809125e-01             6.757042e-02            -1.347139e-01             2.531090e-01             3.244626e-02            -9.830503e-02             1.329706e-01            -2.161879e-01             7.598132e-02            -1.504395e-01             1.958742e-01            -9.057231e-02             1.187926e-01            -1.226370e-02            -1.295172e-01             1.675508e-01             1.580466e-01            -1.986761e-01             4.767523e-01            -1.687549e-01             2.089530e-01             3.112264e-02            -2.444450e-01            -1.920420e-01            -2.682958e-02            -2.275524e-01             6.343624e-02 
           -1.607616e-01             1.588758e-01             3.472320e-01            -8.379746e-02             8.609642e-02            -9.167225e-02             7.343352e-02             1.510598e-01            -1.506107e-01             3.223295e-01             2.183920e-01            -9.469494e-02             2.672560e-02             2.124286e-01            -1.267917e-01             1.768026e-01            -4.935636e-02            -4.166090e-01             2.242725e-01             1.805087e-01             1.004303e-01            -1.778989e-01            -2.298313e-01            -2.033811e-01            -1.608521e-01             1.833522e-01            -3.579520e-02             1.179862e-01             3.129230e-02             1.743640e-01 
           -1.313362e-01            -2.060438e-01             2.144934e-01             1.190976e-01            -1.127821e-01            -2.711766e-02             2.816993e-01            -1.631568e-01            -1.372511e-01             1.166521e-01            -2.029824e-01             1.482903e-01             1.463132e-01             3.889424e-02            -1.260197e-01            -9.547220e-04             3.828528e-01             1.995446e-01             7.423948e-02            -6.254139e-02             9.523052e-02            -2.649598e-01             4.164550e-02             3.675654e-01             1.250619e-01             1.166244e-01             2.814110e-01             1.869340e-01            -8.363934e-02             2.528508e-01 
           -3.023807e-01             1.964811e-01             1.385692e-01             1.554414e-01            -1.780252e-01            -7.861036e-02             6.408302e-02            -3.470572e-01            -1.130193e-01            -7.286380e-03            -1.923339e-01            -1.271804e-01            -2.955586e-03            -1.573042e-01             1.684652e-01             6.226728e-02            -2.201055e-03            -1.468714e-01            -3.296535e-01             2.370060e-01            -3.871609e-01            -2.582941e-01            -5.157999e-02            -7.559382e-02            -6.580561e-02            -5.509124e-03             6.497160e-02            -1.218806e-01            -9.964295e-02            -3.104766e-01 
           -2.684174e-01             2.465107e-01             1.511851e-01             1.677044e-01            -3.402360e-02            -2.945703e-01             3.225889e-04             8.581674e-02             1.269319e-02            -4.284471e-02            -1.185405e-02             3.362924e-02             1.711078e-01             1.252784e-01             2.282072e-01             1.941853e-01            -6.148456e-02             4.093730e-01             1.077893e-01            -4.852061e-01            -3.524567e-02             3.562215e-02            -7.682551e-02            -2.018707e-01             1.388781e-02            -4.944419e-02            -2.126500e-01             2.425768e-01             1.025099e-02            -9.219661e-02 
           -4.063481e-02            -1.869953e-02             5.194279e-03            -1.470516e-01            -1.184243e-01            -1.464131e-01            -1.453334e-01             5.762750e-02             2.762951e-01            -2.724485e-01             1.672433e-01             4.946517e-01            -6.535556e-02             3.649469e-01            -3.773101e-02             4.781876e-02             1.380377e-01             2.643289e-02            -2.550090e-02             1.437727e-01            -2.364186e-01             2.728027e-02             5.967097e-02            -7.226822e-02            -2.944929e-01             1.598097e-01             2.371918e-01             4.936179e-02            -2.686320e-01            -4.937850e-02 
           -5.708367e-02             1.052373e-02             1.654933e-01            -4.145841e-01             1.278281e-01             1.178184e-01            -1.712463e-01             7.132138e-04            -3.320970e-01             3.053775e-02             1.418691e-01             1.812116e-01            -2.515423e-01            -2.390490e-03             2.053224e-01             1.235330e-01             1.633551e-01            -1.804511e-02            -1.760374e-01            -3.422949e-02            -2.357358e-01            -2.235858e-02             1.090340e-01             4.632390e-02             2.008021e-01            -4.442457e-01            -5.271690e-02             2.047234e-01             8.073328e-02             1.864729e-01 
           -3.153681e-01             3.544440e-02            -1.172996e-01             2.891164e-01             4.377743e-02             3.626717e-01             1.141083e-01             1.914905e-01            -4.357163e-02            -3.329325e-01             8.719143e-02             8.126682e-02            -1.064333e-01             8.733807e-03             1.926436e-01            -1.154476e-01             1.934470e-01             6.890094e-02             1.324237e-01             2.324765e-01             1.182877e-01            -6.931409e-02            -1.957384e-01            -5.498720e-02            -1.745981e-01            -1.168206e-01             9.724909e-02             8.583714e-02             4.408953e-01            -2.792425e-02 
           -9.841767e-02            -1.416505e-01             3.575015e-01            -1.204549e-01             2.770266e-01             5.748076e-02            -2.024558e-01             5.780432e-02             9.564239e-02             9.214330e-02            -4.444791e-01            -1.125362e-01             2.372853e-01             6.853582e-02            -4.714591e-04            -4.270371e-02             1.345982e-01            -5.626254e-02             8.889866e-02            -8.644670e-02            -6.939737e-02             2.771453e-01             1.588809e-01            -2.028926e-02            -3.473891e-01            -1.605239e-01             1.963554e-01            -1.727603e-01             2.019485e-01            -1.153050e-01 
           -7.856027e-02             4.686294e-02            -3.144887e-02            -3.163909e-01             1.685028e-01            -2.075629e-01            -2.361285e-02            -3.311767e-01            -1.686736e-01            -4.828296e-01            -1.704743e-01            -5.535468e-02            -9.378144e-02             1.067585e-01            -4.408066e-02            -1.308875e-01             1.743655e-01            -1.993674e-01             3.165886e-01            -8.632924e-02             2.399505e-01            -4.047999e-02            -1.345356e-01            -6.590172e-02             2.318836e-01             8.860539e-02            -6.551102e-02            -4.927075e-02            -4.189872e-02            -2.151181e-01 
           -6.663317e-03            -4.348426e-01             3.454869e-01             2.936966e-02            -3.781118e-01             1.213560e-01             3.591443e-02             4.803209e-02             7.533392e-02            -5.006951e-03             1.305048e-01            -7.387559e-02            -3.527569e-01            -7.481748e-02             1.575477e-01             2.748386e-01            -5.246707e-02            -1.021340e-01             1.238494e-01            -1.298291e-01             1.681009e-01             1.714127e-01            -8.187733e-02             8.364323e-02             5.667240e-02            -6.212202e-03             6.797896e-02             9.999940e-03            -7.240688e-02            -3.752812e-01 
           -1.394057e-01            -1.148965e-01             1.012254e-01            -2.317598e-01            -2.075624e-01             2.450725e-01            -5.318404e-02             5.200062e-02             2.780263e-01            -6.066704e-02            -2.689886e-01            -3.247866e-02            -4.118294e-02            -2.493624e-01             5.446843e-02            -1.580503e-01             2.506604e-02             3.736634e-02             2.341205e-01             7.501289e-02            -3.160574e-01            -2.661066e-02            -7.498935e-02            -8.484400e-02             3.044377e-02             2.819983e-01            -4.359037e-01             1.444142e-01            -4.807662e-02             2.810735e-01 
           -1.582242e-01             2.113777e-01             2.282405e-01            -1.426641e-01            -7.109443e-02            -3.392277e-01             2.610498e-01             1.747425e-01            -1.608130e-02            -1.242392e-01             1.657245e-01            -5.856486e-02            -8.098575e-02            -3.274881e-01             6.429507e-04            -2.799714e-01            -1.731497e-01             1.120756e-01             1.842105e-01             2.538606e-01             9.038726e-02             1.341583e-01             4.175945e-01             1.761734e-01            -9.719191e-02            -1.094943e-01             5.667478e-02             2.541602e-02            -4.910712e-02            -5.494375e-03 
           -2.243528e-01             4.785455e-03            -1.642537e-01            -1.402306e-01            -3.569601e-01             3.169432e-02            -1.578768e-01            -3.120100e-01             1.369413e-01             3.222301e-01             1.158464e-01             2.254598e-01             1.726811e-01             9.291221e-02            -1.603734e-01             8.866445e-03             4.115470e-02             5.299458e-02             2.186217e-01             1.029136e-01             1.978088e-01            -1.324273e-01             1.805842e-01             1.860902e-03            -2.954138e-02            -2.778208e-01            -2.527620e-01            -1.673340e-01             2.308652e-01            -1.606174e-01 
           -2.672107e-01             5.154660e-02            -9.912705e-03             6.263657e-02            -2.911281e-01             7.346963e-02            -1.431163e-02             6.666649e-02            -2.280257e-01            -2.355086e-01             6.622564e-02            -1.372451e-02            -6.773535e-02            -6.159818e-02            -2.981810e-01             1.306139e-01            -5.339290e-03            -1.194972e-01            -5.161368e-02            -3.483575e-01            -7.846577e-02             1.224002e-01             1.781707e-01            -1.723456e-01             1.946364e-02             8.346977e-02             1.153750e-01            -4.650873e-01             7.908161e-02             3.695938e-01 
           -2.279531e-01            -3.518496e-02            -2.766430e-01             3.496494e-02            -8.027792e-02            -2.446488e-01            -2.351564e-01             6.049462e-02             1.084342e-01             1.805214e-01             3.196058e-02            -3.235989e-01            -2.882408e-01             1.335811e-01             2.877869e-01            -2.164505e-01             2.898043e-01            -2.135327e-01            -1.598204e-01            -1.986121e-01             1.246183e-01            -4.940946e-02             1.913346e-01             1.789808e-01            -1.784675e-01             1.586287e-01            -3.408592e-02             1.071932e-01             2.263248e-02             1.083654e-01 
           -7.800115e-02            -1.890386e-01            -2.729801e-02            -2.296896e-01            -2.236785e-01            -2.023664e-01             2.295300e-01             1.337610e-01             2.367771e-01             2.137521e-02            -2.245032e-01            -5.385353e-02            -1.575267e-02             1.740041e-01             5.784658e-02            -2.465923e-01            -2.147217e-01            -4.231510e-04            -2.282232e-01             1.336024e-02             1.392379e-01            -1.164725e-01            -2.606496e-01            -3.216769e-01             1.617546e-01            -3.316339e-01             2.470727e-01            -2.038506e-02             5.257091e-02             1.884377e-01 
           -1.290197e-01            -2.671553e-01            -1.729222e-01            -3.288474e-01             5.794756e-02            -1.403183e-01             2.629433e-01            -7.800191e-02            -1.797401e-01            -2.747851e-02            -2.222032e-02             1.467059e-01             5.454779e-02            -1.163031e-01            -1.054187e-01             1.632035e-01            -1.912543e-01             3.473702e-02            -3.363342e-01            -5.845060e-02             3.640858e-02             1.108204e-01            -4.311194e-02             8.261806e-02            -2.909166e-01             3.149488e-01            -1.264891e-01             1.852551e-01             3.799374e-01            -1.059745e-01 
           -1.379092e-01            -3.135425e-01            -1.267870e-01             1.335154e-01             1.165334e-01            -7.733090e-02            -8.000673e-02            -1.080886e-01            -6.371905e-02             7.952971e-02             1.949763e-01             1.485939e-01             2.245518e-01            -3.509304e-02             2.566486e-01            -2.062159e-01            -3.276428e-01            -2.399116e-01             3.047568e-01            -1.078510e-01            -3.271762e-01            -1.168299e-02             1.319837e-01            -3.870059e-02             2.596637e-01             1.174085e-01             2.763752e-01             8.065608e-02             1.447410e-01            -5.854659e-03 
           -1.276101e-01            -2.675404e-01             1.007182e-01             2.375862e-01             2.950387e-01            -1.008736e-01            -5.192500e-02            -1.428943e-01             4.301503e-02             9.974274e-02             1.583200e-01             1.956094e-01            -2.308457e-01            -3.475361e-01            -3.331727e-01            -2.960914e-01             1.160837e-01             6.046841e-03            -8.217009e-02            -1.742350e-01             3.969269e-02            -7.404383e-02            -1.108292e-01            -3.014373e-01            -1.833832e-01            -1.664912e-01            -1.219307e-01             6.637804e-02            -1.871984e-01            -2.903986e-02 
           -2.894352e-01             1.868374e-01             1.960829e-02            -1.743623e-02             4.729711e-03             2.265974e-01            -4.037740e-01             6.072067e-02            -1.232453e-01             5.633677e-02            -2.350969e-01             1.110268e-01            -2.068438e-01             6.561754e-02            -2.201589e-01            -1.480777e-01            -4.935043e-01             1.024549e-01            -4.613360e-02            -4.639757e-02             1.686612e-01            -6.697442e-02            -1.087630e-01             2.655461e-01             2.016314e-02             8.399168e-02             1.703446e-01             1.648217e-01            -1.277913e-01            -7.428055e-02 
           -1.056564e-01            -3.470259e-02             2.031511e-01             6.314242e-02             1.572540e-01             5.742445e-02             1.017289e-01             1.890731e-01            -7.265498e-02             9.963635e-02            -7.672915e-02             4.241997e-01             4.041954e-02             1.093483e-01             3.496009e-01            -1.820357e-01            -6.426065e-03            -6.415466e-02            -2.340585e-01             3.918749e-02             2.590010e-01            -1.202410e-03             9.693172e-02             1.042200e-02             1.913420e-01             2.217839e-01            -3.036502e-01            -4.134778e-01            -1.026772e-01            -4.111716e-02 
           -2.135161e-01             1.317435e-02            -1.986111e-01            -2.179608e-01             1.212035e-01            -6.938506e-02            -1.870332e-01            -3.823626e-02             5.578258e-02             1.239400e-01             8.292888e-02             3.019498e-02             1.249864e-01            -4.413311e-01             2.850331e-01             2.878016e-01             8.765065e-02             1.721552e-01             9.023888e-02             1.119527e-01             2.084771e-01             9.466635e-02            -3.054019e-01            -1.492391e-02            -4.471045e-02             5.852999e-02             2.729963e-01            -2.193831e-01            -2.259528e-01             1.660015e-01 
           -2.956626e-01             1.487049e-01            -8.037012e-02            -1.576446e-01             1.953281e-01             2.326197e-01             2.027234e-01             8.231572e-02             2.620235e-01             2.141388e-01             1.039537e-01            -1.221368e-01            -7.092268e-02             3.676192e-02            -2.239344e-01             3.380545e-02             2.104523e-01             9.392276e-02            -1.143249e-01             5.031947e-03            -5.392956e-02             1.786963e-01             1.890773e-01            -2.156149e-01             4.179503e-01             2.063269e-01             1.852448e-01             9.943423e-02             4.735379e-03            -2.763132e-01 
           -7.157488e-02            -1.525158e-01             1.552208e-01             1.753386e-01            -1.831558e-01            -9.907957e-02            -3.515846e-01            -1.153212e-01            -1.708433e-01            -1.245607e-01             9.243794e-02            -1.170285e-01             2.832291e-01             5.390757e-02            -6.413663e-02            -8.909356e-02             9.014217e-02             4.863442e-02            -2.540295e-01             3.616048e-01             1.797719e-01             4.233083e-01            -2.478579e-03            -1.659492e-01             2.022065e-01             7.728410e-02            -7.183229e-02             2.525170e-01             2.161642e-03             1.173176e-01 
           -9.237398e-02            -9.470845e-02             7.373480e-02            -2.150907e-01            -3.670501e-02             1.428492e-01             6.471418e-02             4.989063e-03            -1.710415e-01             3.103347e-02             3.992911e-01            -2.769313e-01             1.940758e-01             2.153803e-01            -2.741487e-02            -3.885597e-01             4.387619e-02             2.577822e-01            -3.394319e-02            -1.080008e-01            -2.151770e-01             4.941136e-02            -3.383267e-01             2.257597e-01            -1.134137e-01             2.768703e-03            -5.755754e-02            -2.403619e-01            -1.401935e-01            -1.171509e-01 
           -1.953484e-01             7.943743e-02             1.555842e-01             3.721987e-02             1.736134e-01             1.241138e-01             8.253410e-02            -2.185974e-01             4.944024e-01            -2.669740e-01             2.082779e-01            -3.222650e-02             2.305140e-01            -1.149112e-02            -1.183457e-02             1.211553e-01            -1.340026e-01            -3.145809e-01            -2.129065e-01            -1.424030e-01             1.045278e-01             2.677799e-02            -4.558047e-02             3.510338e-01             4.007985e-02            -1.740208e-01            -1.004075e-01             7.284672e-02            -3.405199e-02             1.834976e-01 
           -1.821436e-01            -2.821474e-01            -2.123131e-01            -6.024416e-02             2.013612e-02             8.562067e-02            -4.078713e-02             4.389022e-01            -1.527529e-01            -1.842385e-01            -4.421807e-02            -1.380365e-01             3.524070e-01            -4.522182e-02            -9.480012e-02             1.606273e-01             1.847083e-02            -1.250690e-01            -2.149824e-02             2.645205e-02             5.965859e-02            -3.252589e-01             2.226801e-01            -4.293929e-02            -2.689808e-02            -1.662775e-01            -1.257361e-01             1.089856e-01            -3.574593e-01            -1.881498e-01 
