 -1.2420199313804625e-001 -2.8560425392607941e-001  4.1459960614102349e-002  4.8895486661853858e-002  2.8902701163115435e-001  4.8339314931881809e-002  2.7545885379315741e-002 -2.7994492685083616e-001  3.6503912596976537e-002 -8.0224086712427534e-002  4.7478397946267265e-002 -2.7584034614390895e-001 -2.3669320937031121e-001  2.9632312655588827e-001  7.6607861643952793e-002  2.1017318907011109e-001 -2.5323889667295657e-001  3.7062529941572614e-001  5.5473687312892803e-002  2.1914534405636266e-001  4.2115530940828177e-002 -1.6590768509794249e-001  2.7285730499589933e-001 -1.2593940882295018e-001 -6.4549693156002369e-002  4.3398855505476432e-002 -7.4993072909577255e-002 -1.4419355761827071e-001 -6.4864986592870613e-002  2.1220433675689965e-001
 -5.2236722392046367e-002 -1.3254203352353428e-001  9.5464911578956313e-002  7.8099184557827050e-002  1.2131986156221479e-001 -4.0588963538035078e-001 -2.6825334419483315e-001  3.0301869850238156e-001  1.7308442840417201e-001 -6.5911916625243441e-002  2.9095269310531635e-002 -3.1614572436814675e-002 -9.2540927935634398e-002 -4.9098524493140824e-002 -2.4130752951031154e-001  1.4170244542604216e-001  6.8938378482866172e-002  1.1078509647139345e-001 -3.0360927135949629e-002  1.5665451575914335e-001 -1.9784519899145880e-001 -2.0690766791429421e-001 -1.8245111296953154e-001  2.6804741963501338e-001  2.9753629170299212e-001  2.8551341529529022e-002 -8.5489276272872061e-002 -2.3242303372243150e-001  3.3273083603583481e-001 -6.9659795183534781e-002
 -2.5664242039187046e-001 -7.3400731160145422e-002 -2.8637405059628734e-001  1.8091247166210730e-001  6.7570418382945183e-002 -1.3471394355239619e-001  2.5310902346125452e-001  3.2446264434755859e-002 -9.8305034599682831e-002  1.3297063067948958e-001 -2.1618785007090602e-001  7.5981315165118288e-002 -1.5043947261823937e-001  1.9587417299079141e-001 -9.0572308775934043e-002  1.1879261045861533e-001 -1.2263699584907896e-002 -1.2951724402412668e-001  1.6755077573307342e-001  1.5804656587952634e-001 -1.9867614931165048e-001  4.7675231562066034e-001 -1.6875490715580516e-001  2.0895302799256918e-001  3.1122635114704252e-002 -2.4444504698308486e-001 -1.9204203287837140e-001 -2.6829579913814745e-002 -2.2755236258627148e-001  6.3436242806845650e-002
 -1.6076161142551951e-001  1.5887575734764867e-001  3.4723201949860943e-001 -8.3797464608313402e-002  8.6096422314185239e-002 -9.1672248802652540e-002  7.3433517819700506e-002  1.5105982255464537e-001 -1.5061065236012544e-001  3.2232947584776761e-001  2.1839197674871713e-001 -9.4694940688432747e-002  2.6725596480803762e-002  2.1242855772886080e-001 -1.2679165219792266e-001  1.7680263024288401e-001 -4.9356356073891675e-002 -4.1660897033603694e-001  2.2427254314921080e-001  1.8050867349682737e-001  1.0043031962353718e-001 -1.7789886885193329e-001 -2.2983125584909292e-001 -2.0338111764044947e-001 -1.6085206122479648e-001  1.8335222922843269e-001 -3.5795197221400746e-002  1.1798620400562743e-001  3.1292301885450201e-002  1.7436403399434058e-001
 -1.3133619879890215e-001 -2.0604375696256652e-001  2.1449336786613132e-001  1.1909761873588914e-001 -1.1278211649726205e-001 -2.7117657957590541e-002  2.8169929469125532e-001 -1.6315682345009908e-001 -1.3725113666159650e-001  1.1665213745226333e-001 -2.0298237724246448e-001  1.4829030420635286e-001  1.4631317665460955e-001  3.8894239309909207e-002 -1.2601973079647844e-001 -9.5472198094087232e-004  3.8285276075300523e-001  1.9954458407855444e-001  7.4239480035707295e-002 -6.2541388755199198e-002  9.5230515917168565e-002 -2.6495979657984703e-001  4.1645497397829877e-002  3.6756537936031364e-001  1.2506194447792654e-001  1.1662437791409261e-001  2.8141097732322606e-001  1.8693401113135080e-001 -8.3639342840726077e-002  2.5285079012958561e-001
 -3.0238069235372939e-001  1.9648110698319851e-001  1.3856921482069554e-001  1.5544144935054138e-001 -1.7802521929627718e-001 -7.8610359653950593e-002  6.4083017698734049e-002 -3.4705715757769162e-001 -1.1301929877031945e-001 -7.2863804047944812e-003 -1.9233390917003068e-001 -1.2718041096739685e-001 -2.9555856949088077e-003 -1.5730420668770653e-001  1.6846517238237119e-001  6.2267276815195310e-002 -2.2010548895434606e-003 -1.4687143270199576e-001 -3.2965347448538557e-001  2.3700599581170678e-001 -3.8716092930732859e-001 -2.5829410354912441e-001 -5.1579989722707234e-002 -7.5593821697576585e-002 -6.5805606526764704e-002 -5.5091237257246743e-003  6.4971601272427931e-002 -1.2188056064291745e-001 -9.9642946870564381e-002 -3.1047662698994838e-001
 -2.6841737569145996e-001  2.4651074799344441e-001  1.5118508598994687e-001  1.6770444387993122e-001 -3.4023595239373469e-002 -2.9457033042465908e-001  3.2258890365668199e-004  8.5816737396553891e-002  1.2693190635086289e-002 -4.2844708700293069e-002 -1.1854047713627851e-002  3.3629242825297695e-002  1.7110783858532724e-001  1.2527839972178173e-001  2.2820716509087449e-001  1.9418529405920046e-001 -6.1484560646351077e-002  4.0937301407932586e-001  1.0778931398694730e-001 -4.8520612322594969e-001 -3.5245666057104365e-002  3.5622153706410281e-002 -7.6825506015570103e-002 -2.0187072313485988e-001  1.3887810946273865e-002 -4.9444189399611614e-002 -2.1265000590213562e-001  2.4257682321438365e-001  1.0250994271341775e-002 -9.2196607032358921e-002
 -4.0634812313419671e-002 -1.8699531581581469e-002  5.1942791501839126e-003 -1.4705163224263146e-001 -1.1842428867804279e-001 -1.4641311990376188e-001 -1.4533338755481154e-001  5.7627497124646147e-002  2.7629506074259208e-001 -2.7244845655731242e-001  1.6724334245033395e-001  4.9465174016752239e-001 -6.5355563172319733e-002  3.6494694463059518e-001 -3.7731008150078196e-002  4.7818757559839088e-002  1.3803771448915103e-001  2.6432894818867701e-002 -2.5500903706254536e-002  1.4377274301488091e-001 -2.3641864342678787e-001  2.7280267696841817e-002  5.9670973996677909e-002 -7.2268215468988831e-002 -2.9449289269307299e-001  1.5980972707742730e-001  2.3719181401953457e-001  4.9361794362440439e-002 -2.6863199291543333e-001 -4.9378500555698618e-002
 -5.7083672960322095e-002  1.0523730349363134e-002  1.6549325058011216e-001 -4.1458406498783834e-001  1.2782805894534699e-001  1.1781835026763443e-001 -1.7124625524190978e-001  7.1321377156451440e-004 -3.3209702082084930e-001  3.0537745675196740e-002  1.4186911783058331e-001  1.8121162389198167e-001 -2.5154227108528193e-001 -2.3904902216451418e-003  2.0532241034648285e-001  1.2353299279211030e-001  1.6335510522634925e-001 -1.8045106955785199e-002 -1.7603739427880133e-001 -3.4229491824488381e-002 -2.3573584739526807e-001 -2.2358580199269496e-002  1.0903403194553840e-001  4.6323895919800372e-002  2.0080209746941158e-001 -4.4424565272120714e-001 -5.2716899294288438e-002  2.0472336608878450e-001  8.0733279650092984e-002  1.8647289702962994e-001
 -3.1536811636470558e-001  3.5444395349091967e-002 -1.1729963219663413e-001  2.8911639798496525e-001  4.3777428326130345e-002  3.6267171329940834e-001  1.1410826462758174e-001  1.9149052872941424e-001 -4.3571629451521446e-002 -3.3293250662798413e-001  8.7191426839585251e-002  8.1266815924267516e-002 -1.0643333068606460e-001  8.7338067665604230e-003  1.9264364569407225e-001 -1.1544755900379614e-001  1.9344703454852197e-001  6.8900937542914542e-002  1.3242372694263357e-001  2.3247651726377255e-001  1.1828772549309598e-001 -6.9314093083291062e-002 -1.9573840109566887e-001 -5.4987197014103248e-002 -1.7459807525938051e-001 -1.1682064767443731e-001  9.7249087124702663e-002  8.5837142154697177e-002  4.4089527358651293e-001 -2.7924254562167426e-002
 -9.8417666428410600e-002 -1.4165054650424785e-001  3.5750152993983814e-001 -1.2045492913836303e-001  2.7702657805894565e-001  5.7480762377634255e-002 -2.0245575944272856e-001  5.7804320826700714e-002  9.5642387027466788e-002  9.2143301401850355e-002 -4.4447914465230187e-001 -1.1253622189670807e-001  2.3728534778793781e-001  6.8535819410265320e-002 -4.7145911751969496e-004 -4.2703706616991376e-002  1.3459822858792697e-001 -5.6262536580732006e-002  8.8898660093290324e-002 -8.6446698072803752e-002 -6.9397366648871611e-002  2.7714530575015689e-001  1.5888088637409409e-001 -2.0289263451089154e-002 -3.4738913631715157e-001 -1.6052385400686278e-001  1.9635544589339726e-001 -1.7276030519778127e-001  2.0194854969146014e-001 -1.1530498759219927e-001
 -7.8560268134723915e-002  4.6862941224396749e-002 -3.1448873504048812e-002 -3.1639094616127938e-001  1.6850276681380716e-001 -2.0756293099088674e-001 -2.3612850783678491e-002 -3.3117669001529904e-001 -1.6867362011432885e-001 -4.8282958090853523e-001 -1.7047426324767576e-001 -5.5354681730623023e-002 -9.3781435241805614e-002  1.0675851918942968e-001 -4.4080657995202069e-002 -1.3088748915725643e-001  1.7436547133669747e-001 -1.9936736041852912e-001  3.1658856799955615e-001 -8.6329244263181892e-002  2.3995048200348873e-001 -4.0479987085118116e-002 -1.3453563058761359e-001 -6.5901723062293027e-002  2.3188357269142562e-001  8.8605387056001073e-002 -6.5511016117602863e-002 -4.9270748906935391e-002 -4.1898716489120434e-002 -2.1511813743008057e-001
 -6.6633172848820105e-003 -4.3484263777484305e-001  3.4548694606348002e-001  2.9369662674869457e-002 -3.7811176148803127e-001  1.2135602899901465e-001  3.5914430728121068e-002  4.8032094458672445e-002  7.5333918958145632e-002 -5.0069508879426392e-003  1.3050476091472407e-001 -7.3875591086123710e-002 -3.5275691639257767e-001 -7.4817480318478763e-002  1.5754770730609696e-001  2.7483860995780746e-001 -5.2467066235561390e-002 -1.0213403759890574e-001  1.2384938058121907e-001 -1.2982907038305336e-001  1.6810091160990714e-001  1.7141268342214261e-001 -8.1877334309354122e-002  8.3643232424729000e-002  5.6672398683006539e-002 -6.2122024518431653e-003  6.7978962515588923e-002  9.9999397635877427e-003 -7.2406876833373476e-002 -3.7528120326849140e-001
 -1.3940565449565323e-001 -1.1489648587478024e-001  1.0122541732662982e-001 -2.3175977878039900e-001 -2.0756237978123207e-001  2.4507251789841003e-001 -5.3184043374054003e-002  5.2000624156478589e-002  2.7802625499302352e-001 -6.0667043186295323e-002 -2.6898861945126268e-001 -3.2478660285309900e-002 -4.1182936879288076e-002 -2.4936240171668597e-001  5.4468430858779240e-002 -1.5805028248610600e-001  2.5066043429186932e-002  3.7366335120875491e-002  2.3412047760964372e-001  7.5012891055859940e-002 -3.1605739666894556e-001 -2.6610659264239493e-002 -7.4989346559882708e-002 -8.4843995326892033e-002  3.0443767129893218e-002  2.8199831930364039e-001 -4.3590367094769156e-001  1.4441420922926479e-001 -4.8076618150513700e-002  2.8107350907393602e-001
 -1.5822422712724499e-001  2.1137766563111016e-001  2.2824052817956067e-001 -1.4266414840997818e-001 -7.1094428930568943e-002 -3.3922774252648380e-001  2.6104981537333394e-001  1.7474248688596328e-001 -1.6081296394217539e-002 -1.2423918493779125e-001  1.6572447002904730e-001 -5.8564861530648368e-002 -8.0985753417475048e-002 -3.2748813624047690e-001  6.4295070683868631e-004 -2.7997137331691541e-001 -1.7314966844622115e-001  1.1207558423543713e-001  1.8421052685445821e-001  2.5386064448014561e-001  9.0387261525769161e-002  1.3415825392117797e-001  4.1759447204764133e-001  1.7617343351748063e-001 -9.7191905415193541e-002 -1.0949429904927713e-001  5.6674781760983159e-002  2.5416020792329710e-002 -4.9107119055914993e-002 -5.4943745981080386e-003
 -2.2435281754710182e-001  4.7854554283845371e-003 -1.6425367850864883e-001 -1.4023061619122307e-001 -3.5696005168133615e-001  3.1694318701735273e-002 -1.5787678658075371e-001 -3.1201001548390028e-001  1.3694130428297641e-001  3.2223010627074400e-001  1.1584635836739429e-001  2.2545980716858505e-001  1.7268108493745746e-001  9.2912213144800679e-002 -1.6037337906359334e-001  8.8664448111689595e-003  4.1154702036819327e-002  5.2994577978977789e-002  2.1862174571917800e-001  1.0291362203439812e-001  1.9780879959363806e-001 -1.3242727312891192e-001  1.8058422266878049e-001  1.8609019413554362e-003 -2.9541381472493605e-002 -2.7782083309156846e-001 -2.5276199053448217e-001 -1.6733403839812408e-001  2.3086517711007004e-001 -1.6061741633887491e-001
 -2.6721065920952569e-001  5.1546600277671620e-002 -9.9127048119811521e-003  6.2636568769453116e-002 -2.9112810912824727e-001  7.3469625903383032e-002 -1.4311626095219795e-002  6.6666491927658014e-002 -2.2802566650068953e-001 -2.3550862786244198e-001  6.6225639504600711e-002 -1.3724506639913474e-002 -6.7735347815498892e-002 -6.1598183240428456e-002 -2.9818103650996058e-001  1.3061388567368626e-001 -5.3392895062759210e-003 -1.1949715424513287e-001 -5.1613677899302553e-002 -3.4835754977503419e-001 -7.8465772080914514e-002  1.2240022461251043e-001  1.7817071648362237e-001 -1.7234564308745134e-001  1.9463635683158946e-002  8.3469771003322313e-002  1.1537502516633494e-001 -4.6508727441068681e-001  7.9081612031041998e-002  3.6959383345617802e-001
 -2.2795305265871135e-001 -3.5184964662191676e-002 -2.7664302301787042e-001  3.4964944359483240e-002 -8.0277915384503573e-002 -2.4464875677165293e-001 -2.3515641919559180e-001  6.0494620687047980e-002  1.0843422823304656e-001  1.8052136886609862e-001  3.1960580881336291e-002 -3.2359887590624309e-001 -2.8824082128243683e-001  1.3358113980591557e-001  2.8778685688749395e-001 -2.1645047920832869e-001  2.8980434364762270e-001 -2.1353271590010311e-001 -1.5982040312437640e-001 -1.9861207095518618e-001  1.2461827668935255e-001 -4.9409464975737845e-002  1.9133464501385175e-001  1.7898075099725230e-001 -1.7846751137105829e-001  1.5862867011806905e-001 -3.4085921809534014e-002  1.0719316592024761e-001  2.2632478352934974e-002  1.0836539942275122e-001
 -7.8001149638468423e-002 -1.8903858795705605e-001 -2.7298006170927241e-002 -2.2968964732979627e-001 -2.2367848363192694e-001 -2.0236642784164843e-001  2.2952999049634581e-001  1.3376101712209337e-001  2.3677714784813389e-001  2.1375206314960243e-002 -2.2450320116137376e-001 -5.3853527292798589e-002 -1.5752668582195373e-002  1.7400413597795669e-001  5.7846581847400033e-002 -2.4659231691030084e-001 -2.1472167617118065e-001 -4.2315097340625898e-004 -2.2822323267533612e-001  1.3360239759054666e-002  1.3923794737300094e-001 -1.1647245822931643e-001 -2.6064958570022079e-001 -3.2167687340713164e-001  1.6175458709175369e-001 -3.3163387135791600e-001  2.4707266541404199e-001 -2.0385055949047375e-002  5.2570908514252793e-002  1.8843770199906895e-001
 -1.2901974337942404e-001 -2.6715525797849704e-001 -1.7292224689178418e-001 -3.2884744576324948e-001  5.7947563532959420e-002 -1.4031828840274374e-001  2.6294326965092457e-001 -7.8001905030170626e-002 -1.7974006310311486e-001 -2.7478510539252009e-002 -2.2220323307685478e-002  1.4670592950268294e-001  5.4547792325787117e-002 -1.1630307837509826e-001 -1.0541873692360662e-001  1.6320352501661822e-001 -1.9125425316660055e-001  3.4737021164002235e-002 -3.3633423340735186e-001 -5.8450604154448971e-002  3.6408575659554306e-002  1.1082041422350340e-001 -4.3111939183288615e-002  8.2618061880450427e-002 -2.9091657869776044e-001  3.1494883377602845e-001 -1.2648906712646310e-001  1.8525511505703859e-001  3.7993735693599678e-001 -1.0597449428451575e-001
 -1.3790918190669890e-001 -3.1354254667462322e-001 -1.2678703037489467e-001  1.3351542721303206e-001  1.1653342604360187e-001 -7.7330900839040650e-002 -8.0006728719860504e-002 -1.0808856063225120e-001 -6.3719046247772651e-002  7.9529712652911602e-002  1.9497625656613596e-001  1.4859390525060673e-001  2.2455176199632276e-001 -3.5093035508545728e-002  2.5664859959144010e-001 -2.0621585099642850e-001 -3.2764275540680715e-001 -2.3991155674148934e-001  3.0475683782624474e-001 -1.0785100522799504e-001 -3.2717620721812951e-001 -1.1682993596078654e-002  1.3198374066043927e-001 -3.8700594322475308e-002  2.5966370460617405e-001  1.1740851272962011e-001  2.7637524751674031e-001  8.0656083804226369e-002  1.4474096545809023e-001 -5.8546585900007865e-003
 -1.2761013599394785e-001 -2.6754039476723041e-001  1.0071820489111614e-001  2.3758615710644115e-001  2.9503870320892234e-001 -1.0087357333816423e-001 -5.1924998721162581e-002 -1.4289433082750636e-001  4.3015027344009436e-002  9.9742739685909992e-002  1.5831998482947135e-001  1.9560942232112311e-001 -2.3084573378462755e-001 -3.4753612424904606e-001 -3.3317269247632947e-001 -2.9609139312575211e-001  1.1608368586852172e-001  6.0468410347361695e-003 -8.2170093228295910e-002 -1.7423495203138423e-001  3.9692694600204755e-002 -7.4043830193057839e-002 -1.1082922961718884e-001 -3.0143725727936183e-001 -1.8338322629857584e-001 -1.6649122415138501e-001 -1.2193068097948105e-001  6.6378039382206391e-002 -1.8719843715253773e-001 -2.9039862092196184e-002
 -2.8943524448522595e-001  1.8683740693310022e-001  1.9608287923336416e-002 -1.7436231264598305e-002  4.7297114394046630e-003  2.2659736907904268e-001 -4.0377399425239741e-001  6.0720674654272208e-002 -1.2324527691198552e-001  5.6336768415550603e-002 -2.3509690088589527e-001  1.1102676597305762e-001 -2.0684377027995920e-001  6.5617538714109414e-002 -2.2015887973651205e-001 -1.4807770584124497e-001 -4.9350428782215833e-001  1.0245490632837290e-001 -4.6133604824301011e-002 -4.6397566076555083e-002  1.6866122472021713e-001 -6.6974420973491794e-002 -1.0876297964327497e-001  2.6554609630201353e-001  2.0163136990407716e-002  8.3991678516412788e-002  1.7034464677039776e-001  1.6482165210953723e-001 -1.2779126596834472e-001 -7.4280547484699061e-002
 -1.0565640439024952e-001 -3.4702589210760103e-002  2.0315110372337841e-001  6.3142423460755104e-002  1.5725398476717695e-001  5.7424447741833966e-002  1.0172891355225333e-001  1.8907311740148675e-001 -7.2654980091537064e-002  9.9636351647956783e-002 -7.6729152241918661e-002  4.2419966672482495e-001  4.0419535144936874e-002  1.0934830676574231e-001  3.4960091925271519e-001 -1.8203567488822764e-001 -6.4260645436631791e-003 -6.4154664136972336e-002 -2.3405848230985790e-001  3.9187490856648050e-002  2.5900097925833460e-001 -1.2024103609687576e-003  9.6931721161169049e-002  1.0422002573138552e-002  1.9134203386854995e-001  2.2178390331173317e-001 -3.0365015322361150e-001 -4.1347776997445340e-001 -1.0267724377339194e-001 -4.1117156012033043e-002
 -2.1351609671715405e-001  1.3174354422795180e-002 -1.9861111940505399e-001 -2.1796079133647836e-001  1.2120354986445779e-001 -6.9385055341438850e-002 -1.8703316518491675e-001 -3.8236261500422780e-002  5.5782579097948863e-002  1.2393997535664242e-001  8.2928878601353895e-002  3.0194984746070380e-002  1.2498643726989561e-001 -4.4133113433423821e-001  2.8503309874256627e-001  2.8780164712649492e-001  8.7650653572210413e-002  1.7215518413369105e-001  9.0238875111486871e-002  1.1195267384850084e-001  2.0847706146737496e-001  9.4666353938546610e-002 -3.0540189646438082e-001 -1.4923911200505811e-002 -4.4710452489143911e-002  5.8529987846662454e-002  2.7299631218292991e-001 -2.1938314147055613e-001 -2.2595282873403713e-001  1.6600145256099882e-001
 -2.9566255720022661e-001  1.4870488914317731e-001 -8.0370122926950532e-002 -1.5764461725477813e-001  1.9532805970055930e-001  2.3261971230330489e-001  2.0272339616023108e-001  8.2315721204477096e-002  2.6202347335902859e-001  2.1413878064784547e-001  1.0395365881120962e-001 -1.2213676516681715e-001 -7.0922680745921632e-002  3.6761922390009069e-002 -2.2393438359923576e-001  3.3805453260179558e-002  2.1045226645516799e-001  9.3922759915212095e-002 -1.1432490517954129e-001  5.0319467628706510e-003 -5.3929556696805853e-002  1.7869626798695554e-001  1.8907728009294869e-001 -2.1561491699764981e-001  4.1795029095328073e-001  2.0632685956545543e-001  1.8524483325804100e-001  9.9434234978463792e-002  4.7353790937154534e-003 -2.7631317623929719e-001
 -7.1574881150172437e-002 -1.5251579303158327e-001  1.5522075535174612e-001  1.7533863722923262e-001 -1.8315581737969169e-001 -9.9079565433388597e-002 -3.5158459037364787e-001 -1.1532122972993944e-001 -1.7084333367480106e-001 -1.2456072277026760e-001  9.2437939120022516e-002 -1.1702850381598623e-001  2.8322905428270073e-001  5.3907566100514046e-002 -6.4136633222848072e-002 -8.9093559386992233e-002  9.0142167871910553e-002  4.8634424221008138e-002 -2.5402946581149533e-001  3.6160479571297049e-001  1.7977187697068844e-001  4.2330831845171507e-001 -2.4785794015571745e-003 -1.6594915117957931e-001  2.0220652040816331e-001  7.7284102779625247e-002 -7.1832289285682221e-002  2.5251701676526189e-001  2.1616423337921607e-003  1.1731763181863576e-001
 -9.2373982438736735e-002 -9.4708446237873653e-002  7.3734798958190295e-002 -2.1509066630858734e-001 -3.6705008792403973e-002  1.4284917165479213e-001  6.4714180500240220e-002  4.9890626588458067e-003 -1.7104151215256597e-001  3.1033465303422075e-002  3.9929111254056693e-001 -2.7693126402043955e-001  1.9407577377718918e-001  2.1538033095139100e-001 -2.7414869919095648e-002 -3.8855968435563087e-001  4.3876186664349302e-002  2.5778215802433696e-001 -3.3943189845091863e-002 -1.0800078355590444e-001 -2.1517702756342988e-001  4.9411357475761322e-002 -3.3832671003931569e-001  2.2575970323301026e-001 -1.1341366275116913e-001  2.7687028917740110e-003 -5.7557536728870110e-002 -2.4036188059018548e-001 -1.4019350564315622e-001 -1.1715090657374513e-001
 -1.9534841752517573e-001  7.9437426796472685e-002  1.5558417387886278e-001  3.7219871341953155e-002  1.7361337541643507e-001  1.2411379289473581e-001  8.2534099491185703e-002 -2.1859739955153579e-001  4.9440239854717299e-001 -2.6697401431316325e-001  2.0827790301812729e-001 -3.2226504460746735e-002  2.3051397302866752e-001 -1.1491122816779713e-002 -1.1834565672443478e-002  1.2115533204157827e-001 -1.3400255592221436e-001 -3.1458090424784102e-001 -2.1290654123971992e-001 -1.4240303007677796e-001  1.0452781157596576e-001  2.6777989927544189e-002 -4.5580469776038829e-002  3.5103377112009687e-001  4.0079850576761951e-002 -1.7402078915352165e-001 -1.0040748485324524e-001  7.2846723686053327e-002 -3.4051985887176971e-002  1.8349758921686291e-001
 -1.8214364712166425e-001 -2.8214741191946924e-001 -2.1231307776596792e-001 -6.0244159821523438e-002  2.0136119832135355e-002  8.5620672222641511e-002 -4.0787126015996954e-002  4.3890218042109935e-001 -1.5275294123189576e-001 -1.8423853473919125e-001 -4.4218074083780333e-002 -1.3803649370426158e-001  3.5240698011054133e-001 -4.5221819085913793e-002 -9.4800119092624452e-002  1.6062734468343753e-001  1.8470826673340497e-002 -1.2506903920762874e-001 -2.1498239380628732e-002  2.6452046429865258e-002  5.9658587414953418e-002 -3.2525893964088110e-001  2.2268009536582115e-001 -4.2939289466465677e-002 -2.6898079441794197e-002 -1.6627752655013217e-001 -1.2573614970214292e-001  1.0898561942441023e-001 -3.5745934755928271e-001 -1.8814977140275521e-001
