               -0.228164                -0.005854                -0.144009                 0.634270                -0.497639                -0.055062                 0.485650                -0.104713                 0.034434                -0.161825 
               -0.332193                -0.225355                 0.563101                -0.145417                -0.327019                -0.255889                -0.065038                 0.406349                 0.379810                 0.120862 
               -0.128130                -0.522110                -0.081321                -0.099729                 0.432262                -0.268629                 0.565240                 0.108545                -0.237227                 0.218764 
               -0.417274                -0.028962                -0.241600                -0.589604                -0.345539                 0.492195                 0.200470                -0.069544                -0.110574                 0.011658 
               -0.417162                -0.063136                -0.251506                -0.057880                -0.135064                -0.573032                -0.451493                -0.184645                -0.394973                -0.121791 
               -0.276274                 0.335636                -0.021669                -0.152285                 0.260415                -0.255622                 0.188233                -0.542044                 0.557243                 0.120165 
               -0.207453                -0.194960                -0.484704                 0.299642                 0.077950                 0.204504                -0.328151                 0.187053                 0.307959                 0.555718 
               -0.371271                -0.021366                 0.541769                 0.293562                 0.195292                 0.357414                -0.126194                -0.348224                -0.345844                 0.243582 
               -0.458318                 0.398923                -0.067894                 0.116412                 0.421836                 0.098643                 0.044248                 0.520624                -0.014739                -0.389544 
               -0.075950                -0.601249                -0.020216                 0.054044                 0.175917                 0.209920                -0.188113                -0.228240                 0.323834                -0.601697 
