           -2.281638e-01            -5.854299e-03            -1.440085e-01             6.342698e-01            -4.976394e-01            -5.506213e-02             4.856498e-01            -1.047127e-01             3.443378e-02            -1.618253e-01 
           -3.321930e-01            -2.253552e-01             5.631014e-01            -1.454170e-01            -3.270186e-01            -2.558890e-01            -6.503805e-02             4.063494e-01             3.798102e-01             1.208621e-01 
           -1.281300e-01            -5.221098e-01            -8.132147e-02            -9.972913e-02             4.322623e-01            -2.686286e-01             5.652402e-01             1.085455e-01            -2.372265e-01             2.187645e-01 
           -4.172738e-01            -2.896192e-02            -2.415998e-01            -5.896038e-01            -3.455389e-01             4.921954e-01             2.004705e-01            -6.954397e-02            -1.105742e-01             1.165755e-02 
           -4.171623e-01            -6.313594e-02            -2.515061e-01            -5.788012e-02            -1.350644e-01            -5.730319e-01            -4.514925e-01            -1.846449e-01            -3.949731e-01            -1.217911e-01 
           -2.762735e-01             3.356358e-01            -2.166911e-02            -1.522852e-01             2.604153e-01            -2.556216e-01             1.882330e-01            -5.420443e-01             5.572427e-01             1.201647e-01 
           -2.074534e-01            -1.949599e-01            -4.847039e-01             2.996415e-01             7.795049e-02             2.045040e-01            -3.281506e-01             1.870530e-01             3.079586e-01             5.557181e-01 
           -3.712713e-01            -2.136589e-02             5.417691e-01             2.935622e-01             1.952916e-01             3.574137e-01            -1.261945e-01            -3.482236e-01            -3.458444e-01             2.435818e-01 
           -4.583178e-01             3.989227e-01            -6.789363e-02             1.164121e-01             4.218359e-01             9.864272e-02             4.424791e-02             5.206236e-01            -1.473863e-02            -3.895435e-01 
           -7.595014e-02            -6.012492e-01            -2.021554e-02             5.404414e-02             1.759171e-01             2.099203e-01            -1.881131e-01            -2.282404e-01             3.238336e-01            -6.016974e-01 
