 -8.3127858202871607e-003 -3.7646046226643881e-001  2.6611608854048857e-001 -8.8266078818315538e-002 -6.0951356426625615e-002  2.4853049097664887e-001  1.2462798964948761e-001  8.0991319453251942e-002  1.2692986593614622e-001 -9.9272141022145544e-002  1.4678875840327996e-001 -3.4068603651506101e-003  2.5433515908499799e-001  1.1162203265053623e-001  4.1296970627887697e-001  1.7233128351318100e-001  7.5392537115585620e-002 -3.2385779253440654e-002  2.1493000396666077e-002  3.9035999679700767e-001  8.6871128750356710e-003  1.9637631585142923e-001 -2.9116382906723087e-001  4.7818079901576889e-002  1.2930351982255828e-001 -9.3150448311863226e-002 -2.0924824691153268e-001 -3.0543124899718613e-003 -9.7463535230336004e-002  5.6084085163507595e-002
 -4.5802722976088965e-003 -2.4312608502603739e-002  1.3040226000503416e-001  4.2685093933889545e-001  3.5676301597720667e-001 -2.1429458270670089e-002  1.6421581467590868e-001  7.8229542735259353e-002 -1.3039301303629604e-002  2.0416872929804580e-001 -3.3509587069449953e-001 -2.2824132430739236e-001  1.2556703534453514e-001 -1.9906590884567915e-001  1.9596424575085172e-001 -1.4017774226051416e-001 -1.8178342543381468e-001  2.4369239629534961e-001 -1.2606492458505433e-001  7.2921806344073622e-002 -2.2777418990178926e-002 -1.3037721445882614e-001 -8.2406953961726870e-002 -2.0840086061624719e-001 -2.8757564495426661e-002  1.3808168748256447e-001 -2.2234623171267226e-001  7.7687652670066429e-002  2.5080774878757922e-001  4.4762731798044606e-003
 -1.6354706117564061e-001 -1.4162449990448127e-002  1.8451328628298690e-002  3.6373847784308272e-001 -2.9940660207134601e-001 -2.4597589496855553e-002  6.7041662538863039e-002 -1.4425031038949732e-001 -2.4910562975359093e-001 -3.0886497770173105e-004  1.1888267069117983e-001  1.4582634887646545e-001  2.2318404309019622e-002 -1.7602542574644225e-001  6.6289489381805775e-003 -6.0345076593526378e-002  2.9615130241959786e-001  1.2531537467777260e-001 -1.7940746995229173e-001  2.2230593343974714e-001 -1.2816085302729574e-001 -5.3089907708754734e-002  5.0864944479879520e-002  3.8928912760393586e-001 -2.9563306795168321e-002 -1.2396197659875566e-001  1.6427579254355973e-001  3.7752934495196488e-001  2.1254622139958887e-001  5.3925777626232282e-002
 -2.2912322619437206e-001 -1.6683255037377581e-001 -1.1979481976930795e-001 -1.6082834766146600e-001  1.6223569181490607e-001  3.0316252206753136e-001  4.1884983176679304e-002 -3.8016067569296014e-001  2.7203715777165138e-001  1.2316930372503045e-001 -6.1080523425274619e-002 -2.9648094743695419e-001 -3.0943146795515027e-002 -1.6367005267884582e-001 -8.1412432339904750e-002 -2.0479612962679269e-001  6.7762059166113248e-002  8.1374797357089926e-002 -2.5098913205720247e-001  7.9779485299306813e-002 -9.2698544634722650e-003  1.3588292366317212e-001  1.0988828125528594e-001  6.2998926848558248e-002 -2.9156002530022235e-001 -2.6738184341791593e-001  1.6868030792061633e-001 -1.9349969020780380e-001 -1.0048137810898035e-001  1.0083026056234015e-001
 -7.4165977457682788e-002 -2.1165754041522630e-001 -4.2111704219689697e-002  3.3818321139202384e-001 -1.3273955806337995e-001 -2.2326693342075857e-001  4.8720680075441766e-002 -3.4564189101252324e-001  1.8716570158671592e-001 -1.5927135271742834e-001 -1.5815969769077690e-001 -3.8876731659149386e-002  1.9086706712403481e-001  8.6081225297448244e-002 -1.3141272363355216e-001  3.1369958227551153e-001 -1.9812104265969688e-001 -3.7584831216905956e-001 -1.4112016183780733e-002 -1.0459362546969578e-001  1.2471987668954626e-001 -9.9111121808917235e-002 -1.4785377002283814e-001  1.7985795341907448e-001 -7.3700894378806781e-002 -9.4257374469606959e-003 -6.6857490114134027e-004 -2.5989256921182130e-001  1.9794414929459381e-001 -1.1966775174621984e-001
 -2.3521942169434573e-001  1.2227355328733890e-001  3.1546145786277235e-001 -1.6054347570983712e-001 -1.9192466906527289e-001  1.6323079636842430e-002 -1.5701742417224177e-001  2.0420938637091449e-002 -1.2744951153400197e-001 -3.7577895461051664e-001  7.6692640203522691e-002 -3.0497709469900408e-001 -4.9366785278295092e-003 -2.9911774850597855e-001  1.3437289953631792e-001 -1.4890167355763437e-001 -3.6725836344426810e-001 -1.2024210879483210e-001 -1.0387419524331339e-002 -2.4008414972861414e-001 -6.6032770481380648e-002 -2.7189772711724514e-002 -7.8977537927636468e-003  1.7870107233363189e-001 -1.0306695734732663e-001  6.6419777291151560e-002 -1.8041485806019736e-001  8.9813890523836190e-002 -1.0730144615646132e-002  2.3715286167848906e-001
 -7.8104608439445306e-002 -3.4574137462057830e-001 -2.1910273646772901e-001 -8.2041057892013713e-002  6.8712674989198586e-002 -1.1265689361323233e-001 -1.2839412744134335e-001  2.6439291030356810e-001  6.9331493862911084e-002  2.7629788954939333e-001 -1.6671653448705520e-001 -5.0624987088166228e-002  2.8098079491548012e-002 -1.4845179429668412e-003  1.6739944388196598e-001  1.8922071941918561e-001 -3.1092223221767619e-003 -2.4411991681910986e-001  3.6962213922110590e-002 -3.3353012158864137e-001 -2.4706479956830182e-001 -4.7072164078205882e-003 -9.2004424767140505e-002  5.6891423300611723e-004 -1.2281721304141066e-001 -1.8339390590160456e-001  1.6440734363253431e-001  4.2504486293021310e-001 -2.4360462525319912e-002  2.0237571732760368e-001
 -2.4762727281557209e-001 -5.1047409158130094e-002  8.6216206722856750e-002 -1.4223572734558199e-002  8.1828806271511220e-002 -9.2248931638821627e-003 -5.2263991922503888e-002 -4.0243089068835591e-001 -1.0864129378167778e-001  2.1469600062911579e-001  1.7303129344788457e-001 -1.0582520307128833e-001 -1.9466803291889084e-001  3.0416352021507698e-001 -2.0788050241444539e-001  6.1904279545286434e-002 -1.9630300941804052e-001  7.7749995841735683e-002  2.6715508631405743e-001  1.0480506229062748e-001 -1.7531078125669602e-001 -2.5408876857135027e-001 -3.2432261385739097e-002 -1.1132849741828597e-001  1.9974455160222715e-001 -2.1975942984299238e-001 -3.1188450834821368e-001  2.3246762364326765e-001 -6.7454041096564651e-002  2.7395217525178196e-002
 -2.6684500833598707e-001 -1.2691337660080990e-001 -1.0340174861387297e-001 -5.8018844925090449e-002 -1.4357721965271480e-001  2.1944662342033344e-001 -2.1112736697258591e-001 -4.3663642893544213e-002 -1.8268343703064327e-001  2.9040915777281476e-002 -1.3535098773341511e-002  1.6117781892794347e-001  2.7786803946538147e-001  2.6283891749438165e-001  3.5268147957536305e-001 -5.0037765818188792e-003 -3.0650182668978260e-003  2.4404617434214237e-001 -1.5218724094401867e-001 -2.4932616963143217e-001  1.0130626812082782e-001 -4.0099645907481052e-001  2.0289936280806126e-001 -5.1689565184046278e-002 -1.1763632818273623e-001  9.3181676197710506e-002 -9.6006027258380422e-003 -1.3168820732597075e-001 -5.0640205050140413e-002 -2.2356381268700035e-001
 -9.9223889128697382e-002 -7.8477449561508955e-002  1.3023280571099888e-001  1.1690907830621013e-001 -2.9004406207650490e-002  5.8788697459960848e-002 -1.0251416996086102e-001  1.8416016590128600e-001 -2.4851849833789751e-003 -2.6385931309639756e-002 -1.5645745077229267e-001  1.0829293789551073e-001 -2.0805946149909055e-001 -3.4230017141000163e-001  7.2717142330073717e-002  1.6867579818013886e-001  1.2726155377661613e-002  1.2267408705336655e-001  5.3814175645971207e-001  6.7013724496067406e-002 -4.4270429484877943e-002 -1.4244096650879029e-004  1.8049653431389193e-001  5.0779387228531696e-002 -2.3766788429277777e-001 -3.4852484330915640e-001 -4.9838008586245652e-002 -1.9349543949010553e-001 -1.4624566232482886e-002 -3.3019762384224371e-001
 -1.7058820493360607e-001  1.5201963169472130e-001  4.1416387447740344e-001 -9.3855603619211275e-002  2.2408587994199936e-001  2.0424701692186342e-001  2.3861342678987285e-001 -4.1108800181885563e-002  1.1927370747893107e-001  7.6009540742021972e-002 -1.1103275126313612e-001  2.6184955795075232e-001 -1.4200354599804887e-001  1.8145476000474053e-001  7.6660523466153124e-002  1.4703647835495681e-001  1.3807960975987685e-001 -2.1221839567648298e-001 -4.3157352295043971e-002 -2.3844361559394711e-001  1.5296590050876693e-001  1.1509593608909763e-001  3.5513877098987523e-001  9.0944867413980585e-002  4.2552288382964036e-002 -2.2143057214683553e-002 -6.1229277030246831e-002  8.7138298940978798e-002  3.3649668132268512e-001  1.2113264198899769e-001
 -2.7162786915620497e-002  1.5161585031064056e-003  2.2603074236549409e-001  3.5205172418019504e-001  1.5183007412977487e-001 -1.5884892660929104e-001 -2.8021120041674757e-001  3.1441946647766637e-002 -1.4343106566276088e-002  1.5553243081755772e-001  3.4401554674573381e-001 -6.9276532815543010e-002 -2.9410677085375497e-001  7.1763608884621910e-002  9.8005710068097551e-002  1.8763706863803645e-001  6.8157687339369631e-003  4.5938491524274983e-002 -3.0434950459849541e-001 -1.3867710600321839e-001  2.7476913480179505e-001  2.4059542879012655e-001 -6.2185007795868712e-002  2.3902088433026714e-002 -1.8962842286407769e-001  4.5176449818224960e-003 -2.7040583635086119e-002  2.6320348084618996e-002 -3.2821955010008669e-001 -1.2435053036047988e-001
 -2.5670032654678537e-001  1.7575447129971028e-002 -1.8315329905774647e-001  1.0772584606449837e-001 -2.0506503896572309e-001  5.0595507192226538e-002  4.0641382565328697e-002  5.7128992460890426e-002  1.4153878803285927e-001  1.9421076336280593e-001 -1.1131106486812808e-001  2.7718960480495458e-001 -2.1512083891863354e-001 -7.7943466485505694e-002  8.8073755806302029e-002 -1.8699660888704547e-001 -1.8472738276638187e-001 -6.5965175975047530e-002 -2.1136567431340025e-001 -1.1700930275691976e-001 -3.5131939702084297e-001  2.8940133218755509e-001 -4.7223291013309132e-002  1.1798837401029336e-001  3.6048790119449581e-001  5.9789803716264453e-002 -2.5068347873095526e-001 -2.0310083039868920e-001 -1.0305177981983299e-001 -1.6928298600237054e-001
 -7.6112061693418026e-002 -1.8880868371699938e-001  3.0117989030938486e-001  1.5291218861296593e-001  1.4249002564361812e-001  1.4978625854481706e-001 -1.5157023012979029e-001  2.0190873660898716e-002 -1.3148702206331411e-001 -2.7363679881682007e-001 -1.1350706769787496e-001  6.5793692786136754e-002  1.6941366224571038e-002 -9.2321571461059099e-004 -1.5973288189846205e-001 -3.3724289065175062e-001  1.1783328127115174e-001 -3.5639293475549633e-001 -1.0917341006916291e-001 -2.0380823541120363e-002 -9.7766734827932883e-002 -6.9704201375164324e-002 -6.5641893824228428e-002 -3.3929975972932908e-001  2.0849117599296008e-001 -1.3914473002877834e-001  2.7644952483030111e-001  8.8824316174353074e-002 -1.2499352689287223e-001 -2.8209943729435000e-001
 -6.0538791780460196e-003 -4.0024817756082265e-001  2.1639608531534915e-001 -8.9430559997051337e-002 -1.0815312995429416e-001 -2.7037358241150000e-001  4.2014684247430316e-002  1.1758267623218970e-001 -1.2901255500633160e-001  7.3901852215956257e-002  1.9141114353382230e-001  5.6089864693463880e-002 -3.4956690902634494e-002 -1.0891987798767318e-001 -1.4034945601487589e-001  1.8394780630784893e-001 -1.9246015121481913e-001  1.2124263000122128e-001 -2.2835296940429931e-001  1.2660006979598282e-001 -2.0171185503070702e-001 -6.9767739371460356e-003  3.7872079418347987e-001 -2.6102686129451458e-001  8.3237249918994977e-002  2.9074302022486065e-002  1.6214722877201768e-001 -2.8471958871596720e-001  1.4911743054188301e-001  2.1554253275315735e-001
 -2.7978999091658946e-001  2.5166995479523813e-001 -3.0357511613296043e-002 -1.2784341947408762e-001  9.5788005532845347e-002 -2.9617094608496519e-001 -1.0158106931461222e-001  2.6171801516169957e-001 -2.0819654702792562e-001 -2.7138464001742579e-002 -3.5388639872516325e-001 -1.5746126608901539e-001 -5.1650793834801478e-002  2.0246884622516081e-001  6.8501725496906390e-002  7.6191572194332341e-002  7.6599846683573100e-002 -7.7314370078628875e-002 -2.2277857484877406e-001  3.1303564171851450e-001  1.2966633752292120e-001 -1.1270658344829848e-001 -3.4796863178151852e-002  1.6365314284101914e-001  1.5597077888766711e-001 -3.3660924988185670e-001  1.5437255767837173e-002 -2.1286565240699171e-001 -6.7040725872850787e-002  1.1172499471541146e-001
 -2.0713558363502538e-001  1.3017808812319909e-001 -1.0187894057211506e-001 -7.2736026013589361e-002  3.3454647773216095e-001  3.2849881951009810e-002 -2.0337692385801398e-001  5.2035441961409828e-002  5.6953689593078713e-002  2.1847457073860893e-001  4.0957221719843173e-001  2.5525443963878502e-001  1.0327547163314812e-001 -2.2327135639546042e-001  1.1506227982132779e-001 -9.7927604214200131e-002 -2.7483243628223814e-001 -2.1755520584335439e-001  1.0047799831678417e-001  2.1501871984031917e-001  1.1876855748446895e-001 -1.4266884439591121e-001 -1.7431706625116161e-001  9.6725270353607437e-002  5.4761313266892944e-002  4.0396743964361756e-002  2.5698370484236527e-001 -9.0207250147660220e-002  2.6043812108354536e-001 -1.2365423180458307e-002
 -5.2629049036912817e-002 -3.2367591585425126e-001 -1.8879573826822571e-001  2.2703434144826298e-002  4.4546628383643561e-001  6.9913948522617259e-002  3.6941576295966672e-001  1.7316810480383069e-001 -2.4931763570734417e-001 -2.4172538812999347e-001  1.5683418485152195e-001 -6.0815966127207854e-002 -1.7338024561471224e-001 -3.0990117032229317e-004 -1.0670338992373413e-001  7.3459067109197442e-003  4.4681363582037704e-002  1.0459717726574763e-003  2.3248425152402021e-002 -1.2047427443455878e-001 -4.5927042134383263e-002 -1.7820423279447048e-001  3.5356021766778503e-002  4.0937100680062616e-001  6.6765226911359804e-002  1.6885799344983546e-001 -6.6326639405153806e-002 -9.8779021440336179e-002 -1.6393805986274293e-001 -4.8779864142785255e-002
 -1.6438698996322434e-001 -2.3654064706558384e-001 -9.0288002552504354e-002 -1.4634864413533372e-001 -7.2874599629267275e-002  2.9330903360946688e-002 -1.7214148161707821e-001  2.8875856034152853e-001  3.1497911317118910e-001 -1.4768066139352018e-001 -6.6858593383328793e-002  1.4877474186078291e-001 -1.0545771093254303e-001 -2.0793131196114076e-002 -3.9881378599940387e-001 -5.0017368758066547e-002 -6.7901059814806056e-002  9.2215543845985251e-002 -2.0551836789044531e-001  1.9254444854824021e-001  3.1114028328378368e-001 -9.2591099432899199e-002  1.9813584876521226e-003  2.5087266189374995e-004 -1.2576376953894658e-001  7.7044246475907213e-002 -3.1242935273895328e-001  2.9971769756547223e-001  1.5991508124632531e-001 -1.2230429371876680e-001
 -2.7465907256953537e-001  2.2558795942978857e-001 -1.4067391293334519e-001  1.9349064905506747e-001  6.1043575047221091e-002  1.8807707085823341e-002  2.2039254235281058e-001  7.5499872957233441e-002  2.9134722014681913e-001 -3.0592137213124360e-001  1.5363222391685627e-001  1.1485147441025435e-001  1.9429599271499287e-001 -1.8707900895043406e-001 -5.3216326030922870e-002  2.7354059716019130e-001 -1.4628407164543448e-002  2.4990426369937516e-001 -3.3975430477755468e-002 -1.8231423515039230e-001  5.8486573377883683e-002 -7.8574067601412140e-002 -7.4430625728812289e-003 -2.5920906415256650e-001  2.4149939177581295e-001 -2.4906288505545532e-001  9.6508473927113786e-002  8.3741075509349436e-002 -2.1941518148486516e-001  1.8357234214001780e-001
 -2.2186721999648013e-001  9.3264414796976225e-002  2.7797364991369800e-001  3.1776880783439009e-002 -9.9589431765350067e-002  2.0782067916004646e-001 -8.3430473624397622e-002  2.1685136274300676e-001  2.2836281818554688e-001  1.0039890185710294e-001 -4.1887796924026631e-002 -2.2878870605281129e-001 -9.6382401915275057e-002  1.7630929975106138e-001 -2.2416923904150690e-001  1.8121548030502757e-001  1.2315841840343283e-001  2.2505501898218719e-001  7.7456574925173827e-002 -3.6657536090898044e-002 -2.6825918736097037e-001 -1.2769733457788973e-001 -3.0492229333489340e-001  1.3326000264659379e-001  2.0076695404773484e-002  3.2651651652598307e-001  3.3577257265265575e-001 -1.3104641028957234e-001  8.4623135947996753e-002 -2.5515753996591395e-002
 -1.0051674962356316e-001 -1.8414745004710126e-001  9.0074024310230510e-002  1.1625880624991050e-001 -1.1789511107395992e-001 -2.9545190742380772e-001 -5.0061908508026783e-002 -9.5591893222010307e-003  3.3844203348835805e-001  1.3101467221850749e-001  3.6992584131117737e-002 -6.4023596420130599e-002 -7.2488066378186999e-002 -8.4663021808512734e-002  1.4513450978167008e-001 -3.5851639847712380e-001  3.5783086111245938e-001 -7.9116414908382199e-002  2.6211316930323952e-001 -4.0582554647901344e-002  2.3444923097144099e-001 -2.6228625974952596e-001  1.4269602972721165e-001  4.1011681763678060e-002  2.0965626103284010e-001  1.6375831822463385e-001 -4.9818914025000501e-002 -1.1114178491415884e-001 -1.6358745843728567e-001  2.6181530245422829e-001
 -1.7912895800805120e-001 -1.7447512305229840e-001 -1.5532641991420124e-001  1.5497088008822810e-001  2.9843563477462195e-003  1.8418654283203089e-002 -4.9653756767124579e-002 -8.3594746257335220e-002 -1.3230405688198904e-001 -2.7242685749119344e-001 -1.7032237302826106e-001  1.9767669454670944e-001 -3.1357166863743047e-001  2.7391033522624753e-001  1.3674111641911807e-001 -1.6252681997896593e-001 -1.8667200825015426e-001  2.1255394100726563e-001  2.2808110816538343e-001  3.8693812734740374e-002  1.7638214791140197e-001  2.9024187525335654e-001 -1.5495471544688721e-001 -1.3047779554639852e-001 -8.6553532714579787e-002  9.4319964044022042e-002  2.4582417474215823e-001 -2.1102538203641632e-002  1.2226265844453843e-001  3.4512682492266655e-001
 -2.3168757325088257e-001  1.8638783801448441e-001 -1.3049241306220280e-001  7.1524783699022917e-002 -3.6133432052009445e-002 -1.2975040606845079e-001  2.5273837964081913e-001  7.7686510706534290e-002  1.3837084179075063e-001 -1.5657591480861691e-001  1.7035497666008179e-001 -3.0660044128533806e-002 -1.5111170646216671e-001  1.7101773938573553e-001  1.9283621871618578e-001 -2.0434100867015879e-002  9.1745125468615921e-002 -2.9966203183830109e-001 -1.9009969592494479e-002  2.6836943149080761e-001 -3.1357353167828339e-001 -1.0309659502645224e-001  1.1714571817708182e-001 -2.8709048511471436e-001 -4.6305648635988045e-001  1.8642812292456579e-001 -6.7056861042789295e-002  3.1401016370163133e-002 -4.1362359155475689e-002 -7.7495502345731743e-002
 -2.2005053125633034e-001  2.9561140521072726e-004  1.6560722961585578e-001 -1.9129380654682940e-001  1.8268137260450093e-001 -2.9003675723604544e-001  1.1391153906981932e-002 -2.3379155085605691e-001  2.1099085350368176e-003  2.0504356003868143e-002 -2.7966537201031277e-001  2.0806815323046476e-001  2.5652721719187616e-001 -1.1108227923405432e-001 -4.0552725402769496e-002  1.0212053662619397e-001 -9.0028928878066766e-002  9.6038871628103067e-002  9.4175481750502332e-002  1.7341350021237464e-001 -4.2367102836366799e-002  1.8087583720524758e-001  1.1325520000829135e-001  1.2188216252769464e-001 -4.1033251131570629e-002  3.7247933785312282e-001  1.4414541146792334e-001  2.2369992363458960e-001 -3.9429731529875539e-001 -1.3397942971409066e-001
 -2.2957365365295015e-001 -6.0750439734887071e-002 -4.7614919414279797e-002 -2.7014603381898128e-001 -2.0987695249782770e-001 -2.5772845146887609e-002  3.1483559375713266e-001 -1.2915531152697149e-001 -2.5917142626995937e-001  1.5394411501727079e-001 -3.1479677049376618e-002 -1.1501115968304493e-001 -2.6844399076031422e-001 -3.2296127748526315e-001  8.1641333236846747e-002  1.7954386019847163e-001  1.5358084774703029e-001 -6.7687593940583074e-002 -4.1130096779049476e-002 -7.8766874680049115e-002  3.2267255704786652e-001 -3.3036187378694265e-002 -3.0383339515431729e-001 -2.8132051256452828e-001  8.6550423716629299e-002  1.3201950463388892e-001  6.1425012045866971e-002  3.7294865557189728e-002  7.5553947619529549e-002 -1.9740194997988350e-001
 -1.7286349452587255e-001  1.1963879253537729e-002  2.8468692813449888e-002  1.6060861595364981e-001 -2.4979658851508657e-001  1.1272919146676047e-001  3.4842064049781807e-001  3.0198356957328221e-001 -1.3594329795872070e-001  3.0055062568958285e-001  8.0567195164563649e-002 -1.6560733523911267e-001  2.7851756196916777e-001  1.8578807595730357e-001 -2.2445305769794946e-001 -2.1013909245654305e-001 -2.7179082525538040e-001 -1.1939900662608255e-001  1.7812446828491244e-001  7.1175849736493310e-003  2.7586831825836616e-001  1.8388078388039106e-001  1.5043574091583040e-001  2.5887830758600315e-002 -7.6712091050230732e-002 -6.8000548868853497e-002  1.1746329885403718e-001  4.3619658102252885e-002 -1.5823813287462735e-001 -4.4124027624553211e-002
 -1.6059561330080266e-001 -2.7470617011639310e-002  1.6271390818030820e-001 -1.5442458106183982e-001  1.0050587914189744e-001 -3.6990005227499873e-001  1.1767613019131501e-001  3.1283430585757978e-002 -6.8678429269154226e-002  1.0903306317733966e-002  1.4690680517810861e-001  1.9629626983655474e-001  2.5111793759916778e-001  8.0635788155731983e-002 -1.5607927426258889e-001 -2.6921369086648272e-001  2.2886491298443798e-001  1.8947879272171864e-001  3.1914928241378683e-002 -2.7892852172596844e-001 -1.1873112632781659e-001  1.4941983997311906e-001 -3.5659840449714969e-001 -2.6968494868131819e-002 -2.6425439380025872e-001 -2.0081890153852952e-001 -1.8199765060091350e-001 -1.6738601732167740e-001  1.6112495720513778e-001 -3.6797716577400885e-002
 -2.2994876645397352e-001  1.7043411483848026e-002 -1.6800469090032905e-001  1.6083561081406494e-001  7.9119017386646492e-002  2.3070341035694472e-001 -3.0579728931916839e-001  1.8026767899581679e-002 -2.9124488632691747e-001  5.8137050264789929e-002 -1.0108028009297415e-002 -2.1874509246717071e-002  2.2552352680741877e-001 -1.4290381509168268e-001 -2.4605299690377741e-001  1.9124387037237417e-001  3.2852330876596098e-001 -1.9172674247128632e-001  1.0903007304633312e-001  3.4601389689390874e-002 -2.3410025374632427e-002  2.1874743017624521e-001  5.8174985768145351e-002 -1.5989000075137519e-001 -2.2767033045820100e-002  2.3151236127896926e-001 -2.9885353341593146e-001 -1.5365889273080915e-001  4.2900885085319918e-003  2.8294421483358834e-001
 -1.6915481990223044e-001 -4.0801774421172034e-002 -1.8103584265557926e-001 -4.7394900192453751e-002  9.2234590912901565e-002 -1.8871025120264551e-001 -1.3381689922877193e-001  2.0541406305504620e-003  8.1342894359667406e-002 -1.6879390810088013e-001  1.6802705447369798e-001 -4.3206087488741957e-001  1.0328569714223076e-001  1.0764151151903534e-001  1.3305209462163792e-001 -1.2576189308492674e-002  1.0676861570546736e-001  1.0575984029314327e-001  1.1615018683187919e-001 -4.4148303159428151e-002 -1.1247502319667637e-002  3.6068098218182010e-001  2.5753570518650420e-001 -7.7808754662801027e-003  2.8194274367109734e-001  3.6106761215891736e-002  5.7714766716717283e-002  1.2010670402956111e-001  3.4637448521577863e-001 -3.5969969614986991e-001
