 -2.9884017274590557e-001 -3.4353926957314784e-001 -1.3451604721458510e-001 -1.3935934486170254e-001 -3.2291647519936351e-001  2.4127021147101091e-001 -4.1857138851171810e-001  3.7069347174117029e-001 -2.9421684043135798e-001  4.3987970638780050e-001
 -4.2997798932273801e-001 -1.5515682068177089e-001  3.5137270759140687e-001  3.1725032139031439e-001  2.3623159799912649e-001  1.4451021679801543e-001 -4.1170438770196449e-001 -6.2094258701639926e-002  5.5754304849555725e-001 -7.7689910778818594e-002
 -1.3177307413687731e-001 -1.0717225974191080e-001  5.4340316220853335e-003 -5.7256609557135663e-001  4.2369380780064358e-001 -5.4525577269967829e-001  2.2222148636671171e-003  6.6175810611801195e-002  2.0963650463325564e-001  3.4370999479506315e-001
 -5.0971526703780845e-001  5.4334252628012591e-001  1.9380217866023003e-001 -3.2201801320230533e-001 -1.6743889533887019e-001  3.0453099340480549e-001  2.2658973549036676e-001 -3.0288280095738884e-001 -2.7641263513582523e-002  1.9772332182486821e-001
 -1.9020725359079931e-002 -5.6296170930050760e-001  7.4253793139364449e-002 -3.0153750388111417e-001  2.2867078317392434e-001  2.8464714121888807e-001  1.6651393160235999e-002 -5.5847771427029735e-001 -2.9875088660768823e-001 -2.2700835505490713e-001
 -4.4278162780959940e-001 -7.7055598643222423e-002  3.9477777086248933e-001  1.9879981609843522e-001  9.2591505597797594e-002 -3.4493562545171491e-001  2.3671398845838804e-001  2.9131609126754443e-001 -5.0629774027326691e-001 -2.7900942235050241e-001
 -2.6192899575174050e-001  2.6722020497502724e-001 -5.1784865178535577e-001  2.1630345128496062e-001  1.3821698931482343e-001 -3.1441011594109580e-001 -4.4232169058061482e-001 -3.8449509787363906e-001 -2.8058765628396498e-001 -6.9714459021534503e-002
 -2.7861574328481337e-001 -2.9843259289240542e-001 -3.9919963098876809e-001  4.0228447192059319e-001  1.0165561802656697e-001  4.9887142341944017e-002  5.8379025837380960e-001 -9.6454345925011786e-002  1.3929732632988504e-001  3.6024612416141744e-001
 -1.8704658658178974e-001  1.3109175474547241e-001 -4.2543377385595094e-001 -2.3160340030592688e-001  4.1225909305012665e-001  3.8883821693282006e-001  6.4128759348331121e-002  4.5378443425955189e-001  5.5626557652394784e-002 -4.2298303996400310e-001
 -2.6646269652579457e-001 -2.2512882335226206e-001 -2.2576372297380004e-001 -2.3600280592773312e-001 -6.1000695169015529e-001 -2.7985766213702079e-001  8.4064384051541027e-002 -5.2827717515816983e-002  3.3324722115099342e-001 -4.4755778427327697e-001
