           -2.988402e-01            -3.435393e-01            -1.345160e-01            -1.393593e-01            -3.229165e-01             2.412702e-01            -4.185714e-01             3.706935e-01            -2.942168e-01             4.398797e-01 
           -4.299780e-01            -1.551568e-01             3.513727e-01             3.172503e-01             2.362316e-01             1.445102e-01            -4.117044e-01            -6.209426e-02             5.575430e-01            -7.768991e-02 
           -1.317731e-01            -1.071723e-01             5.434032e-03            -5.725661e-01             4.236938e-01            -5.452558e-01             2.222215e-03             6.617581e-02             2.096365e-01             3.437100e-01 
           -5.097153e-01             5.433425e-01             1.938022e-01            -3.220180e-01            -1.674389e-01             3.045310e-01             2.265897e-01            -3.028828e-01            -2.764126e-02             1.977233e-01 
           -1.902073e-02            -5.629617e-01             7.425379e-02            -3.015375e-01             2.286708e-01             2.846471e-01             1.665139e-02            -5.584777e-01            -2.987509e-01            -2.270084e-01 
           -4.427816e-01            -7.705560e-02             3.947778e-01             1.987998e-01             9.259151e-02            -3.449356e-01             2.367140e-01             2.913161e-01            -5.062977e-01            -2.790094e-01 
           -2.619290e-01             2.672202e-01            -5.178487e-01             2.163035e-01             1.382170e-01            -3.144101e-01            -4.423217e-01            -3.844951e-01            -2.805877e-01            -6.971446e-02 
           -2.786157e-01            -2.984326e-01            -3.991996e-01             4.022845e-01             1.016556e-01             4.988714e-02             5.837903e-01            -9.645435e-02             1.392973e-01             3.602461e-01 
           -1.870466e-01             1.310918e-01            -4.254338e-01            -2.316034e-01             4.122591e-01             3.888382e-01             6.412876e-02             4.537844e-01             5.562656e-02            -4.229830e-01 
           -2.664627e-01            -2.251288e-01            -2.257637e-01            -2.360028e-01            -6.100070e-01            -2.798577e-01             8.406438e-02            -5.282772e-02             3.332472e-01            -4.475578e-01 
