           -8.312786e-03            -3.764605e-01             2.661161e-01            -8.826608e-02            -6.095136e-02             2.485305e-01             1.246280e-01             8.099132e-02             1.269299e-01            -9.927214e-02             1.467888e-01            -3.406860e-03             2.543352e-01             1.116220e-01             4.129697e-01             1.723313e-01             7.539254e-02            -3.238578e-02             2.149300e-02             3.903600e-01             8.687113e-03             1.963763e-01            -2.911638e-01             4.781808e-02             1.293035e-01            -9.315045e-02            -2.092482e-01            -3.054312e-03            -9.746354e-02             5.608409e-02 
           -4.580272e-03            -2.431261e-02             1.304023e-01             4.268509e-01             3.567630e-01            -2.142946e-02             1.642158e-01             7.822954e-02            -1.303930e-02             2.041687e-01            -3.350959e-01            -2.282413e-01             1.255670e-01            -1.990659e-01             1.959642e-01            -1.401777e-01            -1.817834e-01             2.436924e-01            -1.260649e-01             7.292181e-02            -2.277742e-02            -1.303772e-01            -8.240695e-02            -2.084009e-01            -2.875756e-02             1.380817e-01            -2.223462e-01             7.768765e-02             2.508077e-01             4.476273e-03 
           -1.635471e-01            -1.416245e-02             1.845133e-02             3.637385e-01            -2.994066e-01            -2.459759e-02             6.704166e-02            -1.442503e-01            -2.491056e-01            -3.088650e-04             1.188827e-01             1.458263e-01             2.231840e-02            -1.760254e-01             6.628949e-03            -6.034508e-02             2.961513e-01             1.253154e-01            -1.794075e-01             2.223059e-01            -1.281609e-01            -5.308991e-02             5.086494e-02             3.892891e-01            -2.956331e-02            -1.239620e-01             1.642758e-01             3.775293e-01             2.125462e-01             5.392578e-02 
           -2.291232e-01            -1.668326e-01            -1.197948e-01            -1.608283e-01             1.622357e-01             3.031625e-01             4.188498e-02            -3.801607e-01             2.720372e-01             1.231693e-01            -6.108052e-02            -2.964809e-01            -3.094315e-02            -1.636701e-01            -8.141243e-02            -2.047961e-01             6.776206e-02             8.137480e-02            -2.509891e-01             7.977949e-02            -9.269854e-03             1.358829e-01             1.098883e-01             6.299893e-02            -2.915600e-01            -2.673818e-01             1.686803e-01            -1.934997e-01            -1.004814e-01             1.008303e-01 
           -7.416598e-02            -2.116575e-01            -4.211170e-02             3.381832e-01            -1.327396e-01            -2.232669e-01             4.872068e-02            -3.456419e-01             1.871657e-01            -1.592714e-01            -1.581597e-01            -3.887673e-02             1.908671e-01             8.608123e-02            -1.314127e-01             3.136996e-01            -1.981210e-01            -3.758483e-01            -1.411202e-02            -1.045936e-01             1.247199e-01            -9.911112e-02            -1.478538e-01             1.798580e-01            -7.370089e-02            -9.425737e-03            -6.685749e-04            -2.598926e-01             1.979441e-01            -1.196678e-01 
           -2.352194e-01             1.222736e-01             3.154615e-01            -1.605435e-01            -1.919247e-01             1.632308e-02            -1.570174e-01             2.042094e-02            -1.274495e-01            -3.757790e-01             7.669264e-02            -3.049771e-01            -4.936679e-03            -2.991177e-01             1.343729e-01            -1.489017e-01            -3.672584e-01            -1.202421e-01            -1.038742e-02            -2.400841e-01            -6.603277e-02            -2.718977e-02            -7.897754e-03             1.787011e-01            -1.030670e-01             6.641978e-02            -1.804149e-01             8.981389e-02            -1.073014e-02             2.371529e-01 
           -7.810461e-02            -3.457414e-01            -2.191027e-01            -8.204106e-02             6.871267e-02            -1.126569e-01            -1.283941e-01             2.643929e-01             6.933149e-02             2.762979e-01            -1.667165e-01            -5.062499e-02             2.809808e-02            -1.484518e-03             1.673994e-01             1.892207e-01            -3.109222e-03            -2.441199e-01             3.696221e-02            -3.335301e-01            -2.470648e-01            -4.707216e-03            -9.200442e-02             5.689142e-04            -1.228172e-01            -1.833939e-01             1.644073e-01             4.250449e-01            -2.436046e-02             2.023757e-01 
           -2.476273e-01            -5.104741e-02             8.621621e-02            -1.422357e-02             8.182881e-02            -9.224893e-03            -5.226399e-02            -4.024309e-01            -1.086413e-01             2.146960e-01             1.730313e-01            -1.058252e-01            -1.946680e-01             3.041635e-01            -2.078805e-01             6.190428e-02            -1.963030e-01             7.775000e-02             2.671551e-01             1.048051e-01            -1.753108e-01            -2.540888e-01            -3.243226e-02            -1.113285e-01             1.997446e-01            -2.197594e-01            -3.118845e-01             2.324676e-01            -6.745404e-02             2.739522e-02 
           -2.668450e-01            -1.269134e-01            -1.034017e-01            -5.801884e-02            -1.435772e-01             2.194466e-01            -2.111274e-01            -4.366364e-02            -1.826834e-01             2.904092e-02            -1.353510e-02             1.611778e-01             2.778680e-01             2.628389e-01             3.526815e-01            -5.003777e-03            -3.065018e-03             2.440462e-01            -1.521872e-01            -2.493262e-01             1.013063e-01            -4.009965e-01             2.028994e-01            -5.168957e-02            -1.176363e-01             9.318168e-02            -9.600603e-03            -1.316882e-01            -5.064021e-02            -2.235638e-01 
           -9.922389e-02            -7.847745e-02             1.302328e-01             1.169091e-01            -2.900441e-02             5.878870e-02            -1.025142e-01             1.841602e-01            -2.485185e-03            -2.638593e-02            -1.564575e-01             1.082929e-01            -2.080595e-01            -3.423002e-01             7.271714e-02             1.686758e-01             1.272616e-02             1.226741e-01             5.381418e-01             6.701372e-02            -4.427043e-02            -1.424410e-04             1.804965e-01             5.077939e-02            -2.376679e-01            -3.485248e-01            -4.983801e-02            -1.934954e-01            -1.462457e-02            -3.301976e-01 
           -1.705882e-01             1.520196e-01             4.141639e-01            -9.385560e-02             2.240859e-01             2.042470e-01             2.386134e-01            -4.110880e-02             1.192737e-01             7.600954e-02            -1.110328e-01             2.618496e-01            -1.420035e-01             1.814548e-01             7.666052e-02             1.470365e-01             1.380796e-01            -2.122184e-01            -4.315735e-02            -2.384436e-01             1.529659e-01             1.150959e-01             3.551388e-01             9.094487e-02             4.255229e-02            -2.214306e-02            -6.122928e-02             8.713830e-02             3.364967e-01             1.211326e-01 
           -2.716279e-02             1.516159e-03             2.260307e-01             3.520517e-01             1.518301e-01            -1.588489e-01            -2.802112e-01             3.144195e-02            -1.434311e-02             1.555324e-01             3.440155e-01            -6.927653e-02            -2.941068e-01             7.176361e-02             9.800571e-02             1.876371e-01             6.815769e-03             4.593849e-02            -3.043495e-01            -1.386771e-01             2.747691e-01             2.405954e-01            -6.218501e-02             2.390209e-02            -1.896284e-01             4.517645e-03            -2.704058e-02             2.632035e-02            -3.282196e-01            -1.243505e-01 
           -2.567003e-01             1.757545e-02            -1.831533e-01             1.077258e-01            -2.050650e-01             5.059551e-02             4.064138e-02             5.712899e-02             1.415388e-01             1.942108e-01            -1.113111e-01             2.771896e-01            -2.151208e-01            -7.794347e-02             8.807376e-02            -1.869966e-01            -1.847274e-01            -6.596518e-02            -2.113657e-01            -1.170093e-01            -3.513194e-01             2.894013e-01            -4.722329e-02             1.179884e-01             3.604879e-01             5.978980e-02            -2.506835e-01            -2.031008e-01            -1.030518e-01            -1.692830e-01 
           -7.611206e-02            -1.888087e-01             3.011799e-01             1.529122e-01             1.424900e-01             1.497863e-01            -1.515702e-01             2.019087e-02            -1.314870e-01            -2.736368e-01            -1.135071e-01             6.579369e-02             1.694137e-02            -9.232157e-04            -1.597329e-01            -3.372429e-01             1.178333e-01            -3.563929e-01            -1.091734e-01            -2.038082e-02            -9.776673e-02            -6.970420e-02            -6.564189e-02            -3.392998e-01             2.084912e-01            -1.391447e-01             2.764495e-01             8.882432e-02            -1.249935e-01            -2.820994e-01 
           -6.053879e-03            -4.002482e-01             2.163961e-01            -8.943056e-02            -1.081531e-01            -2.703736e-01             4.201468e-02             1.175827e-01            -1.290126e-01             7.390185e-02             1.914111e-01             5.608986e-02            -3.495669e-02            -1.089199e-01            -1.403495e-01             1.839478e-01            -1.924602e-01             1.212426e-01            -2.283530e-01             1.266001e-01            -2.017119e-01            -6.976774e-03             3.787208e-01            -2.610269e-01             8.323725e-02             2.907430e-02             1.621472e-01            -2.847196e-01             1.491174e-01             2.155425e-01 
           -2.797900e-01             2.516700e-01            -3.035751e-02            -1.278434e-01             9.578801e-02            -2.961709e-01            -1.015811e-01             2.617180e-01            -2.081965e-01            -2.713846e-02            -3.538864e-01            -1.574613e-01            -5.165079e-02             2.024688e-01             6.850173e-02             7.619157e-02             7.659985e-02            -7.731437e-02            -2.227786e-01             3.130356e-01             1.296663e-01            -1.127066e-01            -3.479686e-02             1.636531e-01             1.559708e-01            -3.366092e-01             1.543726e-02            -2.128657e-01            -6.704073e-02             1.117250e-01 
           -2.071356e-01             1.301781e-01            -1.018789e-01            -7.273603e-02             3.345465e-01             3.284988e-02            -2.033769e-01             5.203544e-02             5.695369e-02             2.184746e-01             4.095722e-01             2.552544e-01             1.032755e-01            -2.232714e-01             1.150623e-01            -9.792760e-02            -2.748324e-01            -2.175552e-01             1.004780e-01             2.150187e-01             1.187686e-01            -1.426688e-01            -1.743171e-01             9.672527e-02             5.476131e-02             4.039674e-02             2.569837e-01            -9.020725e-02             2.604381e-01            -1.236542e-02 
           -5.262905e-02            -3.236759e-01            -1.887957e-01             2.270343e-02             4.454663e-01             6.991395e-02             3.694158e-01             1.731681e-01            -2.493176e-01            -2.417254e-01             1.568342e-01            -6.081597e-02            -1.733802e-01            -3.099012e-04            -1.067034e-01             7.345907e-03             4.468136e-02             1.045972e-03             2.324843e-02            -1.204743e-01            -4.592704e-02            -1.782042e-01             3.535602e-02             4.093710e-01             6.676523e-02             1.688580e-01            -6.632664e-02            -9.877902e-02            -1.639381e-01            -4.877986e-02 
           -1.643870e-01            -2.365406e-01            -9.028800e-02            -1.463486e-01            -7.287460e-02             2.933090e-02            -1.721415e-01             2.887586e-01             3.149791e-01            -1.476807e-01            -6.685859e-02             1.487747e-01            -1.054577e-01            -2.079313e-02            -3.988138e-01            -5.001737e-02            -6.790106e-02             9.221554e-02            -2.055184e-01             1.925444e-01             3.111403e-01            -9.259110e-02             1.981358e-03             2.508727e-04            -1.257638e-01             7.704425e-02            -3.124294e-01             2.997177e-01             1.599151e-01            -1.223043e-01 
           -2.746591e-01             2.255880e-01            -1.406739e-01             1.934906e-01             6.104358e-02             1.880771e-02             2.203925e-01             7.549987e-02             2.913472e-01            -3.059214e-01             1.536322e-01             1.148515e-01             1.942960e-01            -1.870790e-01            -5.321633e-02             2.735406e-01            -1.462841e-02             2.499043e-01            -3.397543e-02            -1.823142e-01             5.848657e-02            -7.857407e-02            -7.443063e-03            -2.592091e-01             2.414994e-01            -2.490629e-01             9.650847e-02             8.374108e-02            -2.194152e-01             1.835723e-01 
           -2.218672e-01             9.326441e-02             2.779736e-01             3.177688e-02            -9.958943e-02             2.078207e-01            -8.343047e-02             2.168514e-01             2.283628e-01             1.003989e-01            -4.188780e-02            -2.287887e-01            -9.638240e-02             1.763093e-01            -2.241692e-01             1.812155e-01             1.231584e-01             2.250550e-01             7.745657e-02            -3.665754e-02            -2.682592e-01            -1.276973e-01            -3.049223e-01             1.332600e-01             2.007670e-02             3.265165e-01             3.357726e-01            -1.310464e-01             8.462314e-02            -2.551575e-02 
           -1.005167e-01            -1.841475e-01             9.007402e-02             1.162588e-01            -1.178951e-01            -2.954519e-01            -5.006191e-02            -9.559189e-03             3.384420e-01             1.310147e-01             3.699258e-02            -6.402360e-02            -7.248807e-02            -8.466302e-02             1.451345e-01            -3.585164e-01             3.578309e-01            -7.911641e-02             2.621132e-01            -4.058255e-02             2.344492e-01            -2.622863e-01             1.426960e-01             4.101168e-02             2.096563e-01             1.637583e-01            -4.981891e-02            -1.111418e-01            -1.635875e-01             2.618153e-01 
           -1.791290e-01            -1.744751e-01            -1.553264e-01             1.549709e-01             2.984356e-03             1.841865e-02            -4.965376e-02            -8.359475e-02            -1.323041e-01            -2.724269e-01            -1.703224e-01             1.976767e-01            -3.135717e-01             2.739103e-01             1.367411e-01            -1.625268e-01            -1.866720e-01             2.125539e-01             2.280811e-01             3.869381e-02             1.763821e-01             2.902419e-01            -1.549547e-01            -1.304778e-01            -8.655353e-02             9.431996e-02             2.458242e-01            -2.110254e-02             1.222627e-01             3.451268e-01 
           -2.316876e-01             1.863878e-01            -1.304924e-01             7.152478e-02            -3.613343e-02            -1.297504e-01             2.527384e-01             7.768651e-02             1.383708e-01            -1.565759e-01             1.703550e-01            -3.066004e-02            -1.511117e-01             1.710177e-01             1.928362e-01            -2.043410e-02             9.174513e-02            -2.996620e-01            -1.900997e-02             2.683694e-01            -3.135735e-01            -1.030966e-01             1.171457e-01            -2.870905e-01            -4.630565e-01             1.864281e-01            -6.705686e-02             3.140102e-02            -4.136236e-02            -7.749550e-02 
           -2.200505e-01             2.956114e-04             1.656072e-01            -1.912938e-01             1.826814e-01            -2.900368e-01             1.139115e-02            -2.337916e-01             2.109909e-03             2.050436e-02            -2.796654e-01             2.080682e-01             2.565272e-01            -1.110823e-01            -4.055273e-02             1.021205e-01            -9.002893e-02             9.603887e-02             9.417548e-02             1.734135e-01            -4.236710e-02             1.808758e-01             1.132552e-01             1.218822e-01            -4.103325e-02             3.724793e-01             1.441454e-01             2.236999e-01            -3.942973e-01            -1.339794e-01 
           -2.295737e-01            -6.075044e-02            -4.761492e-02            -2.701460e-01            -2.098770e-01            -2.577285e-02             3.148356e-01            -1.291553e-01            -2.591714e-01             1.539441e-01            -3.147968e-02            -1.150112e-01            -2.684440e-01            -3.229613e-01             8.164133e-02             1.795439e-01             1.535808e-01            -6.768759e-02            -4.113010e-02            -7.876687e-02             3.226726e-01            -3.303619e-02            -3.038334e-01            -2.813205e-01             8.655042e-02             1.320195e-01             6.142501e-02             3.729487e-02             7.555395e-02            -1.974019e-01 
           -1.728635e-01             1.196388e-02             2.846869e-02             1.606086e-01            -2.497966e-01             1.127292e-01             3.484206e-01             3.019836e-01            -1.359433e-01             3.005506e-01             8.056720e-02            -1.656073e-01             2.785176e-01             1.857881e-01            -2.244531e-01            -2.101391e-01            -2.717908e-01            -1.193990e-01             1.781245e-01             7.117585e-03             2.758683e-01             1.838808e-01             1.504357e-01             2.588783e-02            -7.671209e-02            -6.800055e-02             1.174633e-01             4.361966e-02            -1.582381e-01            -4.412403e-02 
           -1.605956e-01            -2.747062e-02             1.627139e-01            -1.544246e-01             1.005059e-01            -3.699001e-01             1.176761e-01             3.128343e-02            -6.867843e-02             1.090331e-02             1.469068e-01             1.962963e-01             2.511179e-01             8.063579e-02            -1.560793e-01            -2.692137e-01             2.288649e-01             1.894788e-01             3.191493e-02            -2.789285e-01            -1.187311e-01             1.494198e-01            -3.565984e-01            -2.696849e-02            -2.642544e-01            -2.008189e-01            -1.819977e-01            -1.673860e-01             1.611250e-01            -3.679772e-02 
           -2.299488e-01             1.704341e-02            -1.680047e-01             1.608356e-01             7.911902e-02             2.307034e-01            -3.057973e-01             1.802677e-02            -2.912449e-01             5.813705e-02            -1.010803e-02            -2.187451e-02             2.255235e-01            -1.429038e-01            -2.460530e-01             1.912439e-01             3.285233e-01            -1.917267e-01             1.090301e-01             3.460139e-02            -2.341003e-02             2.187474e-01             5.817499e-02            -1.598900e-01            -2.276703e-02             2.315124e-01            -2.988535e-01            -1.536589e-01             4.290089e-03             2.829442e-01 
           -1.691548e-01            -4.080177e-02            -1.810358e-01            -4.739490e-02             9.223459e-02            -1.887103e-01            -1.338169e-01             2.054141e-03             8.134289e-02            -1.687939e-01             1.680271e-01            -4.320609e-01             1.032857e-01             1.076415e-01             1.330521e-01            -1.257619e-02             1.067686e-01             1.057598e-01             1.161502e-01            -4.414830e-02            -1.124750e-02             3.606810e-01             2.575357e-01            -7.780875e-03             2.819427e-01             3.610676e-02             5.771477e-02             1.201067e-01             3.463745e-01            -3.596997e-01 
