               -0.298840                -0.343539                -0.134516                -0.139359                -0.322916                 0.241270                -0.418571                 0.370693                -0.294217                 0.439880 
               -0.429978                -0.155157                 0.351373                 0.317250                 0.236232                 0.144510                -0.411704                -0.062094                 0.557543                -0.077690 
               -0.131773                -0.107172                 0.005434                -0.572566                 0.423694                -0.545256                 0.002222                 0.066176                 0.209637                 0.343710 
               -0.509715                 0.543343                 0.193802                -0.322018                -0.167439                 0.304531                 0.226590                -0.302883                -0.027641                 0.197723 
               -0.019021                -0.562962                 0.074254                -0.301538                 0.228671                 0.284647                 0.016651                -0.558478                -0.298751                -0.227008 
               -0.442782                -0.077056                 0.394778                 0.198800                 0.092592                -0.344936                 0.236714                 0.291316                -0.506298                -0.279009 
               -0.261929                 0.267220                -0.517849                 0.216303                 0.138217                -0.314410                -0.442322                -0.384495                -0.280588                -0.069714 
               -0.278616                -0.298433                -0.399200                 0.402284                 0.101656                 0.049887                 0.583790                -0.096454                 0.139297                 0.360246 
               -0.187047                 0.131092                -0.425434                -0.231603                 0.412259                 0.388838                 0.064129                 0.453784                 0.055627                -0.422983 
               -0.266463                -0.225129                -0.225764                -0.236003                -0.610007                -0.279858                 0.084064                -0.052828                 0.333247                -0.447558 
