           -1.329017e-01            -4.490505e-01             1.527866e-01            -3.540378e-01             3.374370e-01            -3.903344e-01             1.372692e-01             1.558716e-01             2.959905e-01             4.847995e-01 
           -3.085253e-01            -1.758988e-01            -2.396907e-01             3.756391e-01            -4.649135e-01             1.688821e-01            -2.842312e-01            -1.153580e-01             3.148046e-01             4.872913e-01 
           -5.440634e-01             3.876790e-01            -3.449186e-02            -4.011201e-02             2.953766e-01             2.431546e-01             4.187264e-01            -3.478344e-01            -1.723357e-01             2.801959e-01 
           -3.324722e-02            -3.703995e-01            -6.193690e-01             9.895068e-02             1.900465e-01             2.883388e-01             4.157357e-01             2.089795e-01             2.095263e-01            -2.976958e-01 
           -3.302404e-01             2.863019e-01            -4.221618e-01            -1.788032e-01             8.181825e-03            -2.213887e-01            -3.014014e-01             5.990988e-01            -3.074423e-01             7.361035e-02 
           -3.577421e-01            -1.263259e-01            -2.293126e-01            -3.159249e-01             2.176314e-02            -2.870609e-01            -3.376325e-01            -5.390361e-01             1.475575e-01            -4.409797e-01 
           -4.370151e-02            -3.825662e-01             7.238966e-02            -5.717972e-01            -3.319128e-01             4.861878e-01            -2.329365e-02            -7.193299e-03            -4.085478e-01             7.409853e-02 
           -2.862038e-01            -2.458897e-01             1.241501e-01             2.603479e-01            -4.349147e-01            -4.757095e-01             4.585429e-01             2.586005e-02            -3.499168e-01            -1.600278e-01 
           -2.823248e-01            -3.920651e-01             2.715846e-01             4.279901e-01             4.682902e-01             1.784180e-01            -3.662775e-01             7.461118e-02            -3.236169e-01            -1.185803e-01 
           -4.352827e-01             1.464984e-01             4.573624e-01            -1.116447e-01            -1.657512e-01             2.256692e-01             4.898919e-02             3.767874e-01             4.788651e-01            -3.396200e-01 
