               -0.132902                -0.449050                 0.152787                -0.354038                 0.337437                -0.390334                 0.137269                 0.155872                 0.295990                 0.484799 
               -0.308525                -0.175899                -0.239691                 0.375639                -0.464914                 0.168882                -0.284231                -0.115358                 0.314805                 0.487291 
               -0.544063                 0.387679                -0.034492                -0.040112                 0.295377                 0.243155                 0.418726                -0.347834                -0.172336                 0.280196 
               -0.033247                -0.370400                -0.619369                 0.098951                 0.190046                 0.288339                 0.415736                 0.208979                 0.209526                -0.297696 
               -0.330240                 0.286302                -0.422162                -0.178803                 0.008182                -0.221389                -0.301401                 0.599099                -0.307442                 0.073610 
               -0.357742                -0.126326                -0.229313                -0.315925                 0.021763                -0.287061                -0.337632                -0.539036                 0.147557                -0.440980 
               -0.043702                -0.382566                 0.072390                -0.571797                -0.331913                 0.486188                -0.023294                -0.007193                -0.408548                 0.074099 
               -0.286204                -0.245890                 0.124150                 0.260348                -0.434915                -0.475709                 0.458543                 0.025860                -0.349917                -0.160028 
               -0.282325                -0.392065                 0.271585                 0.427990                 0.468290                 0.178418                -0.366277                 0.074611                -0.323617                -0.118580 
               -0.435283                 0.146498                 0.457362                -0.111645                -0.165751                 0.225669                 0.048989                 0.376787                 0.478865                -0.339620 
