           -2.062965e-01            -1.896175e-01             1.107109e-01            -1.252738e-02            -1.302656e-01            -1.616822e-01             2.080872e-01            -1.605402e-01            -2.861558e-01            -9.683547e-02             1.449148e-01            -3.657502e-02             1.959581e-01             3.799318e-01            -4.157866e-01             4.005279e-02             1.002295e-01             8.015144e-02             5.333643e-02             2.109626e-01             1.008722e-01             6.347592e-02            -1.617783e-02             2.530638e-02            -2.905341e-01            -2.424258e-01            -9.207185e-02            -2.168583e-01            -1.898066e-01            -1.114465e-01 
           -9.372131e-02            -1.849233e-01             2.110420e-01            -2.144927e-01            -3.523005e-02             3.100219e-01             3.106155e-01            -3.353573e-02            -7.907756e-02            -1.794880e-01            -1.981506e-01             2.756935e-01            -5.134897e-02            -6.240174e-02             2.439885e-01             3.473908e-02            -3.865781e-01            -1.777495e-02            -7.932114e-02             2.187320e-01            -1.760084e-01            -1.553155e-01            -3.792374e-02             2.029537e-01             5.177109e-02            -1.778202e-01             1.082740e-01            -2.804384e-01             8.894167e-02             1.276737e-01 
           -3.199513e-01             7.613726e-02            -4.750215e-02             1.190941e-01            -1.857698e-01            -3.467534e-01             9.100806e-02            -1.217614e-01            -1.938475e-02             2.155596e-01             8.067873e-02             3.086235e-01             1.574137e-01            -4.061466e-02             2.083598e-01             3.389913e-01            -1.779234e-02            -1.152978e-01             1.211000e-01             8.565631e-02            -1.589746e-01            -7.681748e-02             8.749771e-02            -2.453294e-01             7.862585e-02             3.674734e-01             2.070323e-01            -1.775617e-01            -1.852938e-02            -1.166186e-01 
           -1.816175e-01            -8.611215e-02             4.815813e-02            -1.900687e-01            -1.129156e-01             1.427543e-01            -1.552421e-01            -3.113079e-01             1.646183e-01            -4.074009e-01             5.156913e-02            -2.273481e-01            -1.337462e-01            -1.975018e-01            -1.327928e-01            -8.131647e-03             9.212646e-02            -2.043501e-01             3.997615e-02             1.309898e-01            -9.286935e-02             4.971267e-03            -5.896469e-02             8.831247e-03            -2.671600e-01             3.380603e-01             3.293629e-01             1.518035e-01            -1.782219e-01             1.218332e-01 
           -2.121419e-01            -1.224018e-01            -1.025434e-01            -4.269351e-02            -9.368672e-02            -1.368635e-01            -3.261622e-01             9.639385e-02            -1.525725e-02            -1.619941e-01            -9.302095e-02            -1.523361e-01             2.014909e-01            -1.138407e-01             1.302462e-01             3.175191e-02             3.509645e-02            -3.292001e-01            -3.154916e-02            -1.301768e-01             3.402039e-01             2.422464e-01            -7.836543e-02             5.098322e-02             2.740475e-01            -3.286973e-01             2.332055e-01            -3.220675e-01             4.676258e-02             2.185160e-02 
           -2.684548e-01             1.154546e-01            -7.845057e-02            -7.998559e-02            -2.042611e-01            -2.067671e-01             1.018849e-01            -8.988714e-02             7.925767e-03             2.964982e-02             1.576355e-01             1.275015e-01            -4.431560e-02             1.088388e-01            -2.545487e-03            -4.154549e-01            -2.091169e-01             1.274514e-01            -2.701095e-01            -1.497118e-01            -1.850992e-01             3.987813e-01             1.856465e-01             6.483885e-03             1.050301e-01            -9.295013e-02             1.085235e-01             2.312409e-01            -2.646065e-02             3.191954e-01 
           -2.076286e-01             1.526839e-01             9.228813e-02            -8.105485e-02             3.891696e-01             1.172994e-01             2.811424e-02            -3.390013e-01            -1.565105e-01             1.382862e-01             1.883970e-02             1.231668e-01            -2.545758e-02             5.135368e-02            -2.677149e-01            -3.923832e-02             4.593387e-02            -2.366983e-01            -1.326379e-01            -5.122494e-02             8.104570e-02             4.280205e-02             3.050668e-03             1.962196e-01             1.475969e-01             5.926623e-02             1.402780e-01             1.367441e-01             4.643212e-01            -3.120796e-01 
           -1.304138e-02            -4.016664e-01            -2.962409e-01            -1.171697e-01            -3.164434e-01             1.165196e-01            -7.725478e-02            -1.217286e-01             1.730399e-01             1.579211e-02            -7.752308e-03             2.111633e-01             1.895379e-02             2.825110e-01             1.920254e-01            -1.936151e-02            -2.578332e-02             1.030279e-01             8.829587e-02            -1.863474e-01             2.766037e-01             3.301642e-02            -9.736256e-02             9.921014e-02            -2.370976e-01             1.867839e-01            -1.276323e-01             1.076314e-01             3.669302e-01            -7.685101e-02 
           -9.802220e-02            -2.730966e-01            -2.171627e-02             1.632009e-01             3.338495e-01            -1.542354e-01             1.951338e-01            -1.346100e-01            -2.837656e-01            -1.532508e-01             8.755364e-02            -2.725816e-02            -9.943340e-02            -7.542801e-02             2.080627e-01             2.805003e-01             7.329023e-02            -8.641630e-02             2.750029e-01            -3.438440e-01            -1.394700e-01             1.244205e-01            -1.491517e-01             1.032617e-01            -1.991443e-02            -8.887628e-02            -1.488113e-01             2.296752e-01            -1.656403e-02             2.988258e-01 
           -2.584096e-01             2.137907e-01            -2.943359e-01            -1.214028e-01             9.971636e-02             2.985379e-02             2.982279e-02             2.712033e-02            -5.406539e-02             8.650466e-03             1.018337e-01            -5.709532e-02            -1.560341e-01            -2.257238e-01             2.751351e-02            -2.479302e-01            -3.032121e-01            -5.759843e-03             5.745016e-01             4.514884e-02             1.705698e-01            -4.312858e-02             2.679444e-01             8.232172e-02            -1.309494e-01            -5.932861e-02            -1.571789e-01            -9.274012e-02            -7.226272e-02            -1.635611e-01 
           -1.414570e-01            -6.431161e-02             7.999492e-02            -1.760817e-01            -6.374001e-02             1.006231e-02             3.511395e-01             3.303377e-01             1.619487e-01            -5.882597e-02            -1.070931e-02            -1.422980e-01             1.181740e-01             2.879079e-02            -2.888322e-01             2.816368e-01            -1.226540e-01            -1.070933e-01            -3.119040e-02            -2.082732e-01             3.001052e-01            -2.573731e-01             3.406223e-01            -7.410011e-02             1.349445e-01             7.220179e-02             4.329109e-02             2.470069e-01             6.653094e-02             1.867015e-01 
           -4.048616e-02            -1.385543e-01            -5.612416e-02            -2.727657e-01             1.242482e-01            -2.998562e-01             5.801213e-03            -1.664756e-01            -1.191631e-01             3.117730e-01            -2.996387e-01            -5.126186e-02            -1.485270e-01            -2.997819e-01            -9.677983e-02            -6.432909e-02            -5.854414e-02             2.959554e-01            -2.075338e-01            -2.540286e-01             1.688085e-01            -2.477132e-01            -1.662947e-01            -1.181079e-01            -2.284160e-01            -3.311807e-02             1.722376e-01            -1.217794e-01            -9.298210e-02             5.267179e-02 
           -1.464841e-01            -1.614976e-01            -5.522862e-04             2.093361e-01             2.970095e-01             1.539448e-01            -1.183778e-01             1.029542e-02             1.666456e-01            -1.513306e-01            -9.631346e-03             4.279337e-01            -1.603251e-01             5.511284e-02            -8.122558e-02             2.441237e-02            -1.724693e-01            -4.143794e-02            -2.427435e-01            -1.380296e-01             2.503193e-01             9.292319e-02             4.267976e-02            -1.189146e-01             4.693041e-02             1.087832e-01            -1.361187e-01            -2.628292e-02            -5.044554e-01            -1.683820e-01 
           -2.720822e-01            -4.152115e-02             9.342994e-02             1.711678e-01            -1.537671e-01            -7.162485e-03             3.654337e-02             1.372095e-01            -1.017343e-01            -2.917289e-01            -3.151607e-01            -1.191380e-01             1.899270e-01            -1.348898e-01             1.171616e-01            -1.786402e-01             6.184545e-02             4.305076e-02            -1.291844e-01            -2.842868e-01            -2.987511e-01            -1.246225e-01             1.019277e-01            -6.943054e-02            -1.354038e-01            -5.932207e-02            -1.210002e-01             1.667688e-01             5.321027e-02            -4.931163e-01 
           -2.112595e-01             2.290542e-01            -2.236969e-01            -4.525690e-02             1.908985e-01             1.740067e-01            -2.052811e-01             2.853268e-01            -2.743414e-02            -1.199513e-01             4.842089e-02             2.339203e-01             3.559297e-01            -6.927659e-02            -1.178636e-01             2.198740e-01             1.213994e-01             4.394200e-01            -4.199826e-03            -3.570183e-02            -9.756729e-02             2.055175e-02            -8.085146e-02             2.772327e-01            -1.729161e-01             1.914917e-02             1.965544e-01            -4.366969e-03             2.472344e-02             1.504318e-01 
           -1.342033e-01            -2.800548e-01             1.295115e-01             2.129713e-01            -4.543965e-03             1.651456e-01            -1.441721e-02            -9.764621e-02            -1.644557e-01             1.120598e-01            -1.727923e-01            -8.235469e-02             9.935623e-02            -2.841262e-01            -3.311019e-02            -1.486899e-01             2.606578e-01             2.359072e-01            -1.280712e-02             1.804250e-01             1.467548e-01             1.624417e-01             3.696610e-01             8.133155e-02             1.799257e-01             3.192112e-01            -2.111310e-01            -1.652117e-01             8.396924e-02             2.316336e-01 
           -2.267367e-01             1.979943e-01            -3.195102e-01             2.985217e-01            -2.714279e-01             2.193373e-01             2.783353e-01             1.022840e-01            -1.026661e-01             9.904515e-02             1.047745e-01            -1.899427e-01            -3.647711e-01            -4.629613e-02            -4.492293e-02             8.357364e-02             1.153885e-01            -1.060343e-01            -2.931271e-01            -9.047966e-02             4.960089e-02            -8.052435e-02            -2.563087e-01             2.182516e-01            -1.088208e-02             8.244613e-02            -6.849471e-02            -2.061501e-01            -2.725932e-02             3.276730e-02 
           -1.381882e-02            -3.301139e-01            -1.082686e-01             1.336350e-01             1.716043e-01             5.820178e-02             2.016364e-01             2.821695e-01             2.527466e-01             6.283054e-02             8.211978e-02             3.814588e-02             3.856134e-02            -1.168244e-01            -3.515735e-01            -2.786003e-01            -2.051336e-02            -8.264797e-02             1.841505e-01            -5.610927e-02            -2.737951e-01             1.460433e-01            -2.494323e-01            -2.894134e-01            -1.111835e-02             5.767530e-02             1.496149e-01            -2.383969e-01             2.155077e-01             8.092435e-03 
           -1.889618e-02            -4.475029e-02            -7.618277e-02            -4.588735e-01             8.862019e-02             2.745550e-01             3.569416e-02            -1.264149e-01             8.208187e-02             1.829530e-01             1.443105e-01            -3.253560e-01             1.555804e-01             7.610167e-02             8.282165e-02             2.227031e-01            -3.893350e-02             6.527306e-02            -9.810772e-02            -2.566344e-01            -2.781440e-01             2.579938e-01             7.731494e-02            -6.738171e-02             1.182493e-01             1.051851e-01            -2.121876e-01            -2.444345e-01            -1.760582e-01            -1.758356e-01 
           -2.453390e-01             7.194578e-03             8.889278e-02            -1.300479e-01             1.869173e-01            -1.912372e-02            -5.970623e-03             3.046681e-01             5.386612e-02             9.882543e-02            -3.651296e-01            -8.080880e-02            -4.304480e-01             4.427240e-01             1.819270e-01             2.609669e-02             2.945243e-01             3.030984e-02             1.197513e-01             9.569621e-02            -5.044205e-02             1.764917e-01             1.443693e-01            -3.509657e-02            -1.027702e-01             2.576062e-02             1.984355e-01            -4.059781e-02            -3.722672e-03            -9.517341e-04 
           -3.133837e-01             1.220595e-02             2.891398e-01             7.890641e-02             3.114403e-02            -1.068233e-01            -4.161374e-01             8.548373e-02             1.845723e-01             2.301565e-01            -5.657874e-03            -9.612069e-02             6.912773e-03             5.212227e-02            -9.539633e-02             6.881026e-02            -2.751637e-01            -2.077124e-01            -7.769660e-02             1.887729e-02            -1.672363e-01            -1.224986e-01            -7.933041e-02             1.136444e-01            -2.527020e-01             8.685503e-03            -4.062568e-01            -6.923100e-02             1.498775e-01             2.497506e-01 
           -9.981054e-03            -6.476582e-02            -4.589613e-01            -1.131377e-01             2.907251e-01            -3.480964e-01             1.926548e-01            -5.795199e-02             3.074162e-01            -1.637026e-01            -1.289961e-01            -3.985330e-02             1.300820e-01            -2.111572e-02             8.149368e-02            -3.395448e-02             1.457165e-01            -1.383768e-01            -2.768792e-01             3.649640e-01            -8.326836e-02            -9.333425e-02             7.655639e-02             1.522261e-01            -8.553699e-04            -1.519376e-02            -2.557659e-01             3.909364e-03             2.382571e-02             1.578621e-02 
           -1.915047e-01             1.178685e-01             4.013370e-02             3.709471e-02            -4.402028e-02             2.054964e-01             1.202600e-01            -2.655163e-01             3.021106e-01             2.321467e-01            -2.283612e-01             7.231847e-02             2.791819e-01             1.419724e-01             2.586832e-02            -2.386346e-01             2.701706e-01            -8.038564e-02             2.663246e-01            -1.382372e-01            -2.834587e-04            -2.592039e-01            -2.016721e-01             7.701070e-02             1.904547e-01            -1.498613e-01            -1.595541e-02             8.060790e-02            -2.864659e-01             1.680317e-01 
           -3.232471e-01             8.173439e-02             9.660983e-02             1.369603e-02             1.617206e-01             3.848720e-02             3.843916e-02            -4.039527e-02             3.451566e-02            -1.798683e-01             1.728173e-01            -2.603754e-01             2.622667e-02             9.332610e-02             2.252057e-01            -4.442377e-02            -1.180781e-01             3.643359e-01            -4.534516e-02             2.363344e-01             2.328186e-01            -8.091807e-02            -3.744880e-01            -4.012222e-01             2.136181e-01             4.022076e-02            -8.711399e-02             1.032313e-01             1.523414e-01             1.414519e-03 
           -5.093773e-02            -8.552535e-02            -1.464043e-01             1.187548e-01             1.364841e-01             2.815758e-01            -1.070210e-01            -1.131592e-01            -4.456164e-02             8.766265e-02             3.106775e-01             9.781688e-03             1.374737e-02             3.131053e-02             1.989112e-01            -4.084891e-02             1.898977e-01            -1.057800e-01            -1.830177e-01            -2.500933e-02            -4.046567e-02            -2.915047e-01             3.796998e-01            -3.613334e-01            -2.658707e-01            -3.348414e-01             1.412569e-01            -6.145850e-02             1.067831e-01             1.517739e-01 
           -1.096648e-01            -1.358343e-01             1.934871e-01            -4.010948e-01            -7.152433e-02            -1.326507e-01            -8.662760e-02             2.583544e-01            -8.767864e-02            -5.226346e-02             4.228617e-01             2.550875e-01            -1.721286e-01            -1.275069e-01             4.980319e-02            -2.048371e-01             4.022963e-01            -3.610565e-02            -1.535585e-02            -4.367564e-02            -3.859377e-02            -2.528129e-01            -8.484307e-02             1.144453e-01             1.952525e-01             4.353824e-02            -1.761801e-01            -2.684775e-02            -4.611934e-02            -6.873164e-02 
           -1.102410e-01            -1.112038e-01             1.409109e-01            -4.137411e-02            -5.859468e-02             1.133071e-01             1.767814e-01             1.480965e-01             1.329389e-01             3.777902e-01             8.981752e-02             3.302332e-02             8.723283e-02            -3.618523e-01             1.564609e-01             1.253103e-01             7.231092e-02            -8.163894e-02            -6.723083e-02             2.795843e-01             1.467792e-01             3.354369e-01            -1.172995e-01             3.902097e-02            -2.515709e-01            -2.266015e-01             2.591330e-02             3.657406e-01            -1.021913e-01            -1.809133e-01 
           -4.676875e-02             6.889807e-02            -2.886050e-01            -2.508735e-01            -1.378557e-01             1.925167e-01            -1.372486e-01             6.400214e-02            -3.957549e-01             5.578808e-03            -3.127915e-01             2.033205e-01            -5.464053e-03            -3.862539e-02            -2.020097e-01             7.351145e-02             3.898935e-02            -2.218737e-01             1.299250e-02             1.618684e-01            -8.229882e-02             6.512377e-02            -1.348974e-01            -4.188174e-01             8.331349e-02            -2.626125e-02            -2.635107e-01             2.027631e-01             1.841501e-03             1.560378e-01 
           -2.125814e-02            -3.492574e-01            -1.955423e-01             6.437766e-02             9.891320e-02             4.303132e-02            -1.537610e-01             1.893609e-01            -3.250104e-01             2.488500e-01             7.282342e-02            -2.213884e-01             1.597381e-01             2.108769e-01             7.290550e-02            -1.741085e-01            -2.473848e-01            -9.319704e-02            -4.204619e-02             1.648776e-01            -9.290761e-02            -2.252114e-01            -4.492336e-02             2.076000e-01             1.519636e-01             1.863050e-01             2.433514e-01             2.357858e-01            -2.358529e-01            -7.080160e-02 
           -1.255312e-01            -2.476789e-01            -1.432583e-01             9.428145e-02            -1.666099e-01            -1.196201e-02            -2.143948e-01            -1.598795e-01             2.125250e-01             4.675113e-02            -1.237641e-03            -2.036522e-02            -3.186309e-01            -7.743104e-02            -2.520344e-01             2.921953e-01            -1.447442e-02             2.936969e-01             1.003391e-01             1.249546e-01            -2.351200e-01            -1.001440e-01             1.039968e-01             6.126155e-02             3.574877e-01            -3.505228e-01             3.814611e-02             1.469645e-01             3.463287e-02            -1.514029e-01 
