 -2.0629649602801670e-001 -1.8961753168938006e-001  1.1071085424868664e-001 -1.2527380825475302e-002 -1.3026564379070768e-001 -1.6168219397452838e-001  2.0808717781679401e-001 -1.6054020305126429e-001 -2.8615584907774855e-001 -9.6835474740739141e-002  1.4491481634609776e-001 -3.6575016784009137e-002  1.9595806690438547e-001  3.7993175975907983e-001 -4.1578661989262949e-001  4.0052787885379838e-002  1.0022948317809591e-001  8.0151441435714746e-002  5.3336428103292671e-002  2.1096259810343115e-001  1.0087216904042516e-001  6.3475920247816717e-002 -1.6177829379187957e-002  2.5306382796395674e-002 -2.9053410964976756e-001 -2.4242579071802306e-001 -9.2071845584056164e-002 -2.1685831419991444e-001 -1.8980659271949832e-001 -1.1144645593916112e-001
 -9.3721311730863746e-002 -1.8492334020305309e-001  2.1104203121525753e-001 -2.1449273457777615e-001 -3.5230051180886603e-002  3.1002186535694748e-001  3.1061550077393796e-001 -3.3535725781342403e-002 -7.9077562625444048e-002 -1.7948801497250588e-001 -1.9815063962700877e-001  2.7569349600856585e-001 -5.1348966181128539e-002 -6.2401743885351954e-002  2.4398848958949859e-001  3.4739077321266888e-002 -3.8657807437809499e-001 -1.7774946295382427e-002 -7.9321138259178081e-002  2.1873198049359840e-001 -1.7600841342873846e-001 -1.5531550444865164e-001 -3.7923737905729192e-002  2.0295366819537139e-001  5.1771092769250578e-002 -1.7782023313238232e-001  1.0827404175034934e-001 -2.8043837660476084e-001  8.8941667521560200e-002  1.2767374538215123e-001
 -3.1995129161765695e-001  7.6137263223563539e-002 -4.7502148585174431e-002  1.1909409073880582e-001 -1.8576979922601305e-001 -3.4675336527079820e-001  9.1008056136621246e-002 -1.2176143671999735e-001 -1.9384745704709112e-002  2.1555958638929490e-001  8.0678727015276078e-002  3.0862353600195602e-001  1.5741368847348186e-001 -4.0614662692409417e-002  2.0835982684784851e-001  3.3899127968286374e-001 -1.7792340273303533e-002 -1.1529781277736535e-001  1.2109995347959536e-001  8.5656312633979617e-002 -1.5897462579704152e-001 -7.6817483327745392e-002  8.7497711326341307e-002 -2.4532940939296574e-001  7.8625854011962829e-002  3.6747335950283311e-001  2.0703228463905637e-001 -1.7756166423325948e-001 -1.8529375847102014e-002 -1.1661862859770351e-001
 -1.8161749022466167e-001 -8.6112153540397973e-002  4.8158129294138152e-002 -1.9006871495387703e-001 -1.1291559755682065e-001  1.4275430256161284e-001 -1.5524207662100184e-001 -3.1130794787260274e-001  1.6461833409558879e-001 -4.0740088365889260e-001  5.1569126010972438e-002 -2.2734810072926784e-001 -1.3374619749955888e-001 -1.9750176152668275e-001 -1.3279275191338796e-001 -8.1316471261135559e-003  9.2126462253742908e-002 -2.0435007224416396e-001  3.9976153138374694e-002  1.3098980724665041e-001 -9.2869351702972225e-002  4.9712667048314192e-003 -5.8964685274572132e-002  8.8312473010568188e-003 -2.6716000860697781e-001  3.3806034099712345e-001  3.2936288499004041e-001  1.5180349656050801e-001 -1.7822190185621045e-001  1.2183317475392247e-001
 -2.1214192445117497e-001 -1.2240180291050254e-001 -1.0254343493989454e-001 -4.2693507901891449e-002 -9.3686721875555379e-002 -1.3686353992342018e-001 -3.2616223546853657e-001  9.6393851133118061e-002 -1.5257246673089045e-002 -1.6199407173202349e-001 -9.3020946774673388e-002 -1.5233611390493779e-001  2.0149087260033086e-001 -1.1384070479534664e-001  1.3024616170841286e-001  3.1751911670051799e-002  3.5096452362328001e-002 -3.2920009295533703e-001 -3.1549163992928418e-002 -1.3017675392669395e-001  3.4020385330882164e-001  2.4224644011429289e-001 -7.8365429657766092e-002  5.0983215816421103e-002  2.7404751033593733e-001 -3.2869728700687906e-001  2.3320554500018392e-001 -3.2206753499220547e-001  4.6762579847639318e-002  2.1851602750996759e-002
 -2.6845481960710382e-001  1.1545457347483895e-001 -7.8450566031605926e-002 -7.9985593497219620e-002 -2.0426111680535236e-001 -2.0676709755535777e-001  1.0188486439836970e-001 -8.9887139198927352e-002  7.9257674537289158e-003  2.9649821991170239e-002  1.5763551547414725e-001  1.2750145428695248e-001 -4.4315600023703855e-002  1.0883882604265105e-001 -2.5454873662502514e-003 -4.1545489961501403e-001 -2.0911691628700393e-001  1.2745140124050830e-001 -2.7010950915408050e-001 -1.4971183469683255e-001 -1.8509924829231617e-001  3.9878134519706526e-001  1.8564645484970413e-001  6.4838848785596630e-003  1.0503006234863370e-001 -9.2950134991271610e-002  1.0852354875043838e-001  2.3124086966086599e-001 -2.6460646602999037e-002  3.1919541118155992e-001
 -2.0762862081659947e-001  1.5268390863500503e-001  9.2288129784745321e-002 -8.1054847037764846e-002  3.8916964543105043e-001  1.1729943363878334e-001  2.8114244717705579e-002 -3.3900129448517663e-001 -1.5651050330122826e-001  1.3828622563602205e-001  1.8839704090629024e-002  1.2316684382798916e-001 -2.5457579923093734e-002  5.1353677964314649e-002 -2.6771488772609475e-001 -3.9238317625043685e-002  4.5933865719005623e-002 -2.3669828953059671e-001 -1.3263786890996385e-001 -5.1224940368133666e-002  8.1045704543357383e-002  4.2802046093188571e-002  3.0506683264457930e-003  1.9621955745934710e-001  1.4759692041763253e-001  5.9266226734002329e-002  1.4027796214563823e-001  1.3674406846884024e-001  4.6432120921014641e-001 -3.1207964480410444e-001
 -1.3041380981024364e-002 -4.0166640650798741e-001 -2.9624087202542210e-001 -1.1716970106562065e-001 -3.1644339925007869e-001  1.1651959927847109e-001 -7.7254784660499912e-002 -1.2172856540074715e-001  1.7303990279518713e-001  1.5792106441825410e-002 -7.7523080297088581e-003  2.1116325233629513e-001  1.8953790138308252e-002  2.8251103133788780e-001  1.9202537161544950e-001 -1.9361511393942831e-002 -2.5783315146064315e-002  1.0302787966985054e-001  8.8295872323256711e-002 -1.8634744426324962e-001  2.7660370002372514e-001  3.3016423770318291e-002 -9.7362559500112578e-002  9.9210144392010313e-002 -2.3709757939837908e-001  1.8678386231667082e-001 -1.2763229644398363e-001  1.0763140637062754e-001  3.6693016160480713e-001 -7.6851008657708886e-002
 -9.8022200859060521e-002 -2.7309659220019800e-001 -2.1716268318523777e-002  1.6320090352607766e-001  3.3384954277261564e-001 -1.5423539649270199e-001  1.9513384748469842e-001 -1.3460995377014034e-001 -2.8376556265456904e-001 -1.5325083868716904e-001  8.7553635949834951e-002 -2.7258162512641806e-002 -9.9433403832793463e-002 -7.5428010872871820e-002  2.0806267732041747e-001  2.8050025147780250e-001  7.3290227273344638e-002 -8.6416302058321987e-002  2.7500293371345191e-001 -3.4384400220775313e-001 -1.3946997840412814e-001  1.2442053938327467e-001 -1.4915174816454221e-001  1.0326169922863916e-001 -1.9914429320563681e-002 -8.8876283914959081e-002 -1.4881130887841293e-001  2.2967517649192290e-001 -1.6564031540258709e-002  2.9882581450281326e-001
 -2.5840955597063520e-001  2.1379069175469861e-001 -2.9433585792401429e-001 -1.2140276066443859e-001  9.9716362103066211e-002  2.9853792789557160e-002  2.9822792539304005e-002  2.7120327219404917e-002 -5.4065392683581626e-002  8.6504656727469584e-003  1.0183371219066438e-001 -5.7095315849759777e-002 -1.5603412085458640e-001 -2.2572376891235640e-001  2.7513514425740113e-002 -2.4793016053870878e-001 -3.0321208122410798e-001 -5.7598430087885677e-003  5.7450164997515529e-001  4.5148844158391856e-002  1.7056984058349645e-001 -4.3128580116559637e-002  2.6794435502851588e-001  8.2321722570405362e-002 -1.3094942394865788e-001 -5.9328611611838111e-002 -1.5717894101506313e-001 -9.2740115033355219e-002 -7.2262715965114355e-002 -1.6356106023607220e-001
 -1.4145699597722827e-001 -6.4311612411966507e-002  7.9994915572062675e-002 -1.7608168954556916e-001 -6.3740010126162816e-002  1.0062314328379646e-002  3.5113949398708849e-001  3.3033768561201377e-001  1.6194866482840498e-001 -5.8825971525015959e-002 -1.0709311855888561e-002 -1.4229798835424334e-001  1.1817401067731736e-001  2.8790794080531947e-002 -2.8883219937037286e-001  2.8163679459597002e-001 -1.2265398047496651e-001 -1.0709334360839913e-001 -3.1190398555555832e-002 -2.0827321856121037e-001  3.0010524986841414e-001 -2.5737305224353002e-001  3.4062227441469839e-001 -7.4100109206776663e-002  1.3494452350636707e-001  7.2201788555481247e-002  4.3291093750396768e-002  2.4700686258872745e-001  6.6530938663176067e-002  1.8670150229172375e-001
 -4.0486164539246999e-002 -1.3855427513282159e-001 -5.6124164736886993e-002 -2.7276566040928413e-001  1.2424815808777616e-001 -2.9985621790883354e-001  5.8012128557279668e-003 -1.6647559057610067e-001 -1.1916312530616256e-001  3.1177300484824544e-001 -2.9963866858302940e-001 -5.1261863046526301e-002 -1.4852703935844119e-001 -2.9978193840788742e-001 -9.6779830798932875e-002 -6.4329092293702025e-002 -5.8544143049490113e-002  2.9595536177995913e-001 -2.0753375725842590e-001 -2.5402859773286524e-001  1.6880845476532266e-001 -2.4771322989791336e-001 -1.6629465648589800e-001 -1.1810786440845893e-001 -2.2841604380277611e-001 -3.3118073039365439e-002  1.7223761019409750e-001 -1.2177938051463208e-001 -9.2982099066904411e-002  5.2671786441520735e-002
 -1.4648413337296587e-001 -1.6149762209702251e-001 -5.5228620473573610e-004  2.0933614580609552e-001  2.9700952533630171e-001  1.5394477502411175e-001 -1.1837782478019621e-001  1.0295421226536483e-002  1.6664558627060394e-001 -1.5133060099326348e-001 -9.6313462691404762e-003  4.2793365833270747e-001 -1.6032513142516075e-001  5.5112836588559914e-002 -8.1225577055712178e-002  2.4412370867065148e-002 -1.7246930864609430e-001 -4.1437936474716663e-002 -2.4274354046740992e-001 -1.3802957977205649e-001  2.5031931841265198e-001  9.2923193936084003e-002  4.2679764673310243e-002 -1.1891458886313978e-001  4.6930408902320503e-002  1.0878322301107506e-001 -1.3611865094303705e-001 -2.6282920499238166e-002 -5.0445544804542652e-001 -1.6838203827242390e-001
 -2.7208215790638179e-001 -4.1521147381775564e-002  9.3429938208119831e-002  1.7116781248993576e-001 -1.5376708816862661e-001 -7.1624854205097413e-003  3.6543367132319274e-002  1.3720946147516738e-001 -1.0173427660699261e-001 -2.9172893672314487e-001 -3.1516067233970602e-001 -1.1913796962635206e-001  1.8992698042949138e-001 -1.3488981732344524e-001  1.1716161618331189e-001 -1.7864021797556853e-001  6.1845445625583341e-002  4.3050762863777896e-002 -1.2918437845006522e-001 -2.8428676364418276e-001 -2.9875107884681934e-001 -1.2462250344714312e-001  1.0192768213081345e-001 -6.9430537309341692e-002 -1.3540376028775092e-001 -5.9322065901122351e-002 -1.2100015817097930e-001  1.6676876756494297e-001  5.3210273190128540e-002 -4.9311632808248657e-001
 -2.1125949924997964e-001  2.2905421903578332e-001 -2.2369687665484878e-001 -4.5256896275599381e-002  1.9089846778941694e-001  1.7400670482012609e-001 -2.0528106477790156e-001  2.8532677467104972e-001 -2.7434144478496087e-002 -1.1995131530953725e-001  4.8420888804961752e-002  2.3392026182607478e-001  3.5592965443479285e-001 -6.9276594462572297e-002 -1.1786359925547012e-001  2.1987398148053858e-001  1.2139943700272615e-001  4.3942003827201342e-001 -4.1998264372135347e-003 -3.5701834336167609e-002 -9.7567285185825706e-002  2.0551748532942546e-002 -8.0851464339107060e-002  2.7723268134692547e-001 -1.7291610236988625e-001  1.9149172635729093e-002  1.9655442270435819e-001 -4.3669685728454991e-003  2.4723437178626767e-002  1.5043182486598020e-001
 -1.3420333533312251e-001 -2.8005477353930397e-001  1.2951150268808156e-001  2.1297127079634764e-001 -4.5439645869688374e-003  1.6514561462913183e-001 -1.4417208287283698e-002 -9.7646213797537448e-002 -1.6445571760474981e-001  1.1205978650752463e-001 -1.7279228527690391e-001 -8.2354690576795272e-002  9.9356231321105590e-002 -2.8412618595974515e-001 -3.3110191184543836e-002 -1.4868994784189624e-001  2.6065784573891715e-001  2.3590722647072870e-001 -1.2807116939590135e-002  1.8042500298791891e-001  1.4675478467814990e-001  1.6244170487271145e-001  3.6966100462273360e-001  8.1331548175542792e-002  1.7992571709233374e-001  3.1921124835469022e-001 -2.1113103242851955e-001 -1.6521173892893465e-001  8.3969239288399056e-002  2.3163357780675189e-001
 -2.2673671028437112e-001  1.9799427503967368e-001 -3.1951018057885489e-001  2.9852167864628959e-001 -2.7142793931622267e-001  2.1933729970205623e-001  2.7833534696337703e-001  1.0228399696998799e-001 -1.0266606659377539e-001  9.9045150506875027e-002  1.0477445388148912e-001 -1.8994272756831593e-001 -3.6477110448495892e-001 -4.6296130158857945e-002 -4.4922929984434229e-002  8.3573635840294383e-002  1.1538852773343541e-001 -1.0603427856782544e-001 -2.9312705993667393e-001 -9.0479662395411428e-002  4.9600893075953362e-002 -8.0524346895320897e-002 -2.5630870397429151e-001  2.1825164766023425e-001 -1.0882078707672334e-002  8.2446134626806417e-002 -6.8494708848917646e-002 -2.0615011705250832e-001 -2.7259320280226738e-002  3.2767301640660738e-002
 -1.3818819188762951e-002 -3.3011385224997253e-001 -1.0826860720114984e-001  1.3363500601997094e-001  1.7160429348594208e-001  5.8201778492198548e-002  2.0163642315838301e-001  2.8216949772826638e-001  2.5274656459163247e-001  6.2830544478086003e-002  8.2119778601963705e-002  3.8145880582974391e-002  3.8561337776382397e-002 -1.1682444210042402e-001 -3.5157347597984362e-001 -2.7860029602215736e-001 -2.0513363786216196e-002 -8.2647973780293191e-002  1.8415050855215376e-001 -5.6109272467180255e-002 -2.7379507244928669e-001  1.4604328519079182e-001 -2.4943228357009048e-001 -2.8941336163761316e-001 -1.1118349915297625e-002  5.7675298640579596e-002  1.4961494146834162e-001 -2.3839687004237661e-001  2.1550769041244164e-001  8.0924353392151909e-003
 -1.8896182252216853e-002 -4.4750292181966293e-002 -7.6182774441233780e-002 -4.5887346073892549e-001  8.8620193361392166e-002  2.7455499604815342e-001  3.5694158664276970e-002 -1.2641488716910276e-001  8.2081872375250789e-002  1.8295295666052910e-001  1.4431051277289211e-001 -3.2535604230468806e-001  1.5558037043940792e-001  7.6101670938592395e-002  8.2821649487998875e-002  2.2270310711036548e-001 -3.8933504195089973e-002  6.5273055388442552e-002 -9.8107721477994361e-002 -2.5663440857598546e-001 -2.7814404270973764e-001  2.5799379226936925e-001  7.7314938053349561e-002 -6.7381711114999909e-002  1.1824929287269111e-001  1.0518513788283511e-001 -2.1218756913681625e-001 -2.4443452669955607e-001 -1.7605817453519504e-001 -1.7583560085836553e-001
 -2.4533902393667720e-001  7.1945778673193836e-003  8.8892778915244733e-002 -1.3004788668207842e-001  1.8691734071666516e-001 -1.9123722410136837e-002 -5.9706232919990096e-003  3.0466810399577787e-001  5.3866121066913852e-002  9.8825432928191750e-002 -3.6512958667836720e-001 -8.0808799415573604e-002 -4.3044803932075915e-001  4.4272395785937263e-001  1.8192700088377001e-001  2.6096692909469178e-002  2.9452434618337708e-001  3.0309840874502666e-002  1.1975133285824800e-001  9.5696212688779550e-002 -5.0442046137370911e-002  1.7649171508905870e-001  1.4436928842297603e-001 -3.5096571148416966e-002 -1.0277019602467095e-001  2.5760616286743622e-002  1.9843548618526047e-001 -4.0597805673286011e-002 -3.7226720211411615e-003 -9.5173405802869218e-004
 -3.1338369392633686e-001  1.2205954714281445e-002  2.8913980972278752e-001  7.8906409895507623e-002  3.1144028941488086e-002 -1.0682330108281030e-001 -4.1613737820385682e-001  8.5483731687983677e-002  1.8457227198380893e-001  2.3015648467103192e-001 -5.6578739089494581e-003 -9.6120694736753637e-002  6.9127725223832384e-003  5.2122267635437702e-002 -9.5396329218784312e-002  6.8810259831237716e-002 -2.7516371955020319e-001 -2.0771235645254932e-001 -7.7696599880568401e-002  1.8877294542476344e-002 -1.6723625505601827e-001 -1.2249856080830721e-001 -7.9330409978922267e-002  1.1364444571648119e-001 -2.5270197645223735e-001  8.6855029698069963e-003 -4.0625680126678909e-001 -6.9230998108469832e-002  1.4987749951795731e-001  2.4975058234115921e-001
 -9.9810538778147082e-003 -6.4765824874682548e-002 -4.5896134233355079e-001 -1.1313770831244330e-001  2.9072508277609843e-001 -3.4809642177017458e-001  1.9265484100707508e-001 -5.7951986945155930e-002  3.0741623521312339e-001 -1.6370255929314467e-001 -1.2899607985317357e-001 -3.9853302371729384e-002  1.3008201527668872e-001 -2.1115722671029378e-002  8.1493681452769431e-002 -3.3954475551850792e-002  1.4571650539210262e-001 -1.3837681378934802e-001 -2.7687915473326208e-001  3.6496402010041656e-001 -8.3268355956799781e-002 -9.3334248120244573e-002  7.6556392217145733e-002  1.5222609549991070e-001 -8.5536990049917732e-004 -1.5193760597842667e-002 -2.5576586581833261e-001  3.9093640623203809e-003  2.3825714452668054e-002  1.5786214387163083e-002
 -1.9150469748038315e-001  1.1786850807745164e-001  4.0133700442915615e-002  3.7094713011652583e-002 -4.4020279303829311e-002  2.0549637726225195e-001  1.2025996384631077e-001 -2.6551629521476916e-001  3.0211055082942345e-001  2.3214668372122513e-001 -2.2836116415320024e-001  7.2318474102175026e-002  2.7918194739566760e-001  1.4197244044426877e-001  2.5868318578110075e-002 -2.3863459141741633e-001  2.7017058755190959e-001 -8.0385638402205875e-002  2.6632457272951515e-001 -1.3823723793470313e-001 -2.8345874155717363e-004 -2.5920385736237478e-001 -2.0167207732319045e-001  7.7010704720304593e-002  1.9045470341700671e-001 -1.4986134077466379e-001 -1.5955412795493965e-002  8.0607904314226500e-002 -2.8646588840558213e-001  1.6803174933087131e-001
 -3.2324714653418668e-001  8.1734386977449086e-002  9.6609831510678423e-002  1.3696029984517180e-002  1.6172055516189504e-001  3.8487201800051621e-002  3.8439157484293621e-002 -4.0395270591194105e-002  3.4515657194017960e-002 -1.7986827313554607e-001  1.7281734413575195e-001 -2.6037540511644436e-001  2.6226666497865501e-002  9.3326100678654711e-002  2.2520572885183471e-001 -4.4423770955324446e-002 -1.1807809160016176e-001  3.6433591499526502e-001 -4.5345162372739972e-002  2.3633441660321389e-001  2.3281859262085561e-001 -8.0918071693322907e-002 -3.7448798140936684e-001 -4.0122215455097315e-001  2.1361810342237941e-001  4.0220764362610600e-002 -8.7113991672326183e-002  1.0323127669682833e-001  1.5234138716966289e-001  1.4145187322618484e-003
 -5.0937725326549957e-002 -8.5525351089667315e-002 -1.4640433811914538e-001  1.1875478745697263e-001  1.3648414899282157e-001  2.8157575077538216e-001 -1.0702096261374876e-001 -1.1315924451362488e-001 -4.4561637872291067e-002  8.7662652644048933e-002  3.1067746063281271e-001  9.7816878831285606e-003  1.3747370246298546e-002  3.1310532819244806e-002  1.9891115202191267e-001 -4.0848914797492003e-002  1.8989768466198592e-001 -1.0577997387996345e-001 -1.8301774965202294e-001 -2.5009334551588758e-002 -4.0465667324176995e-002 -2.9150465576191975e-001  3.7969979980272262e-001 -3.6133336628882695e-001 -2.6587070601136831e-001 -3.3484135342482590e-001  1.4125685831864737e-001 -6.1458503747490741e-002  1.0678308729935468e-001  1.5177393825264407e-001
 -1.0966479029975548e-001 -1.3583425938454799e-001  1.9348705587802126e-001 -4.0109480637552042e-001 -7.1524329262260405e-002 -1.3265066487631816e-001 -8.6627597337284520e-002  2.5835438118665638e-001 -8.7678638064370110e-002 -5.2263456564840362e-002  4.2286174317813513e-001  2.5508747127182629e-001 -1.7212859508589048e-001 -1.2750685706658763e-001  4.9803190813575274e-002 -2.0483712886768896e-001  4.0229634832936001e-001 -3.6105649480590779e-002 -1.5355852004471194e-002 -4.3675644339151325e-002 -3.8593774572614245e-002 -2.5281289004132607e-001 -8.4843069962335288e-002  1.1444526012648093e-001  1.9525250228786384e-001  4.3538239560845293e-002 -1.7618007593851798e-001 -2.6847749314059189e-002 -4.6119336792039056e-002 -6.8731635196617208e-002
 -1.1024104158580102e-001 -1.1120380658633894e-001  1.4091090274301937e-001 -4.1374109582575286e-002 -5.8594676448366939e-002  1.1330712763303966e-001  1.7678144694071316e-001  1.4809648104219669e-001  1.3293891031586080e-001  3.7779024745499290e-001  8.9817515557460925e-002  3.3023320017048156e-002  8.7232834018655489e-002 -3.6185229669635932e-001  1.5646093417025733e-001  1.2531032871740852e-001  7.2310918663817447e-002 -8.1638940714402752e-002 -6.7230826987335846e-002  2.7958432736625705e-001  1.4677924979605195e-001  3.3543688549975637e-001 -1.1729947492257572e-001  3.9020971993125472e-002 -2.5157092409714948e-001 -2.2660150852894106e-001  2.5913299070753893e-002  3.6574056513350761e-001 -1.0219131001714747e-001 -1.8091327768967394e-001
 -4.6768748205448359e-002  6.8898066056641755e-002 -2.8860501637350350e-001 -2.5087351815493353e-001 -1.3785568088083561e-001  1.9251665763642076e-001 -1.3724859702262279e-001  6.4002144705652880e-002 -3.9575490538176383e-001  5.5788083441768513e-003 -3.1279150187997368e-001  2.0332052166732648e-001 -5.4640532324441837e-003 -3.8625388124033537e-002 -2.0200969057548523e-001  7.3511448903628540e-002  3.8989348772612398e-002 -2.2187366522036281e-001  1.2992497761874406e-002  1.6186839404555603e-001 -8.2298816577626624e-002  6.5123772989498341e-002 -1.3489735972010247e-001 -4.1881743754490658e-001  8.3313488048695178e-002 -2.6261252586288239e-002 -2.6351073805942898e-001  2.0276313470133067e-001  1.8415008213492502e-003  1.5603784443280969e-001
 -2.1258143913759502e-002 -3.4925741266891847e-001 -1.9554225625653979e-001  6.4377655005463996e-002  9.8913201309440715e-002  4.3031320147131971e-002 -1.5376096692802915e-001  1.8936094055577343e-001 -3.2501043454344780e-001  2.4884999879989225e-001  7.2823419135723794e-002 -2.2138837856151622e-001  1.5973807873512169e-001  2.1087685478898047e-001  7.2905501213438029e-002 -1.7410851634288871e-001 -2.4738481362519193e-001 -9.3197043889630252e-002 -4.2046193447735067e-002  1.6487764198670418e-001 -9.2907608854877297e-002 -2.2521140863946859e-001 -4.4923360042427127e-002  2.0760000545343218e-001  1.5196356906005182e-001  1.8630497608574639e-001  2.4335141479071412e-001  2.3578583632640024e-001 -2.3585288523110495e-001 -7.0801602571437944e-002
 -1.2553123503699357e-001 -2.4767885282167193e-001 -1.4325828999018619e-001  9.4281452862044854e-002 -1.6660991200273123e-001 -1.1962014714837623e-002 -2.1439479019879992e-001 -1.5987953270697536e-001  2.1252496551842809e-001  4.6751129701391538e-002 -1.2376411722895535e-003 -2.0365220516635304e-002 -3.1863094195414565e-001 -7.7431040031019194e-002 -2.5203444957245735e-001  2.9219531079042693e-001 -1.4474424679709224e-002  2.9369688790791720e-001  1.0033906208181179e-001  1.2495460291304644e-001 -2.3511997142531479e-001 -1.0014399135996351e-001  1.0399677126295012e-001  6.1261550936526965e-002  3.5748772244073979e-001 -3.5052277350242139e-001  3.8146108648490079e-002  1.4696447400276705e-001  3.4632865198701582e-002 -1.5140287486971851e-001
