 -1.3290165161909173e-001 -4.4905045526538334e-001  1.5278663507672613e-001 -3.5403777387897734e-001  3.3743700021795897e-001 -3.9033436290904766e-001  1.3726917660804180e-001  1.5587163817189567e-001  2.9599049852668408e-001  4.8479946864327006e-001
 -3.0852526076043163e-001 -1.7589877061984460e-001 -2.3969072187384904e-001  3.7563908186237915e-001 -4.6491354333305646e-001  1.6888208512180536e-001 -2.8423122595043676e-001 -1.1535799589268184e-001  3.1480464044188450e-001  4.8729133367762900e-001
 -5.4406341919542067e-001  3.8767896171706218e-001 -3.4491856312994937e-002 -4.0112009640855484e-002  2.9537657262717354e-001  2.4315457121292708e-001  4.1872640155852009e-001 -3.4783438194688010e-001 -1.7233568526173529e-001  2.8019590801108940e-001
 -3.3247222893226874e-002 -3.7039953041537649e-001 -6.1936901583330195e-001  9.8950682289483075e-002  1.9004646497039476e-001  2.8833876105269624e-001  4.1573573541710973e-001  2.0897949603525526e-001  2.0952631904237010e-001 -2.9769579259294654e-001
 -3.3024039203797972e-001  2.8630190155581708e-001 -4.2216179754018435e-001 -1.7880317826172959e-001  8.1818250072486221e-003 -2.2138868603846915e-001 -3.0140140179605657e-001  5.9909881125240882e-001 -3.0744231648732961e-001  7.3610349756046856e-002
 -3.5774213417959694e-001 -1.2632591539605967e-001 -2.2931264894147280e-001 -3.1592493527947457e-001  2.1763137618178219e-002 -2.8706086207892628e-001 -3.3763246066991009e-001 -5.3903608634176980e-001  1.4755747481497375e-001 -4.4097971709496264e-001
 -4.3701511070128311e-002 -3.8256622391237421e-001  7.2389660648859752e-002 -5.7179724004667443e-001 -3.3191280175931515e-001  4.8618778421081182e-001 -2.3293645585733321e-002 -7.1932986113219244e-003 -4.0854781465979045e-001  7.4098527227941482e-002
 -2.8620384466581883e-001 -2.4588971076536997e-001  1.2415011322140974e-001  2.6034790126692203e-001 -4.3491471657515091e-001 -4.7570949309770849e-001  4.5854289745045768e-001  2.5860047762994050e-002 -3.4991681064217367e-001 -1.6002778312458110e-001
 -2.8232480266043386e-001 -3.9206510853634585e-001  2.7158455570927248e-001  4.2799011054454889e-001  4.6829023143342646e-001  1.7841804405150619e-001 -3.6627745619819274e-001  7.4611178330496519e-002 -3.2361694845932232e-001 -1.1858026550504734e-001
 -4.3528269488180726e-001  1.4649843352347691e-001  4.5736241353529650e-001 -1.1164467999223449e-001 -1.6575117997744884e-001  2.2566915873586518e-001  4.8989194058590979e-002  3.7678744220041838e-001  4.7886510569035245e-001 -3.3961999731384029e-001
