               -0.471885                 0.446701                 0.047013                 0.003204                -0.352085                 0.578069                -0.268779                 0.180849                 0.048536                -0.100651 
               -0.008906                -0.005622                -0.324688                -0.005262                -0.395115                -0.187066                 0.289237                 0.500755                -0.607341                 0.007249 
               -0.177263                -0.007463                -0.234722                -0.360781                -0.123779                -0.276418                 0.125657                 0.394594                 0.684827                 0.225950 
               -0.534849                 0.236970                 0.082003                -0.296011                 0.437642                -0.030654                 0.415932                -0.188698                -0.264774                 0.303732 
               -0.436099                -0.172955                 0.290931                 0.167267                -0.419624                -0.525329                -0.314979                -0.259603                -0.075764                 0.207085 
               -0.459792                -0.221072                -0.297433                 0.609238                 0.286271                -0.056870                 0.143167                 0.117480                 0.154429                -0.369797 
               -0.047346                -0.217039                -0.709760                -0.028358                 0.025791                 0.219319                -0.338684                -0.288060                -0.095529                 0.436478 
               -0.083552                -0.581333                 0.178823                -0.034656                -0.359394                 0.440488                 0.499948                -0.172331                 0.106497                 0.087815 
               -0.085115                 0.078599                -0.308508                -0.420975                -0.220632                -0.161186                 0.090512                -0.468531                 0.011421                -0.641620 
               -0.204209                -0.523640                 0.162874                -0.451445                 0.276631                 0.078614                -0.403428                 0.334415                -0.198750                -0.238695 
