 -4.7951954722289969e-002 -1.6835939497080887e-001  7.7133631867411512e-002  1.8043374089969394e-001  2.2434028047252616e-001 -6.5427578592992267e-002  1.5293346921992568e-001 -2.3015279481427398e-001 -3.5174314508595678e-001  1.9963744812220791e-001  2.4405990357232784e-002 -1.7737619583294212e-001 -1.1400699167056595e-001 -6.7681275666686233e-002  8.7614026126472816e-002 -1.0842256402611759e-001  1.7852546180000839e-001 -6.7312818592638921e-002  3.3342378794047813e-002  2.4754723263060760e-001  1.5407065947339482e-001 -3.7496151260879018e-002 -1.5310168107340272e-001  6.5527832564932185e-003  1.6349838245036011e-001 -3.0058341149536250e-001 -9.3918732874460342e-002  5.2857871338693768e-002 -2.8768072051436983e-001  4.5646214125328416e-001
 -1.5438027353543327e-001 -6.0849137014978884e-002 -2.7022106145301560e-004  2.9928473004477890e-001  1.0697919823732199e-001  2.0683341706716452e-001 -1.5187256068292332e-001  3.7351285058501119e-002  1.3139582370461264e-001 -2.8365868199270411e-001 -1.4409554360522228e-001 -7.8218994022336813e-002 -1.6106629313466425e-001  3.7294075897430107e-001  1.8323361936441102e-001 -1.3400809742543010e-001 -2.1210616782988587e-001 -1.7451165574612265e-002 -1.4225689800876037e-001  1.5643293023695143e-001 -1.5788250508865098e-001  2.3119801624485034e-001  5.7770660679516264e-002  1.1498603506708872e-001  3.8678167197440555e-001  8.9514735210296723e-002  2.1966689842606071e-001  2.4254442433585288e-001  4.8995350697246233e-002  1.0489809150389040e-001
 -2.6000640401389341e-001  6.6845871905997140e-002 -2.6921652626524828e-001 -5.9476997850581019e-002 -5.4474451974835435e-002 -3.2783333688096705e-001  4.0095914306535435e-001 -3.2671659779064950e-002  8.6917384817104468e-002  3.5795220909869210e-003  8.1405706460380867e-002 -2.0920171317797503e-001  9.0243379733412871e-002  3.2949993902312880e-001 -1.4921045368734950e-001 -7.0794762044888548e-002 -8.9900229917633495e-002  2.2219826092045095e-001  1.0841486382208163e-001 -1.9244156989512699e-002 -1.5400069873380662e-001 -1.6928431253393689e-001  1.9540303591807201e-001  2.3828013242164242e-001  1.0414388895637275e-001  1.9274412076766001e-003 -1.1223030904830184e-001  3.0864146444373360e-002 -3.3868198695522350e-001 -1.4721140099587229e-001
 -1.4390578349412236e-001 -2.7003487954850114e-001 -3.6507131321981655e-003  3.6378551977232748e-002  1.3190666790009675e-001 -1.2813310728705574e-001 -1.0422053235281759e-001 -1.9141773608351637e-001  1.7614270431969442e-001  3.9172750079925356e-001 -1.2966572531017068e-001 -2.6812277546420771e-001  3.6472261296300712e-001 -1.0989203537997019e-001  1.9499757585248523e-001  1.2626660036678083e-001 -2.2466157313851279e-001 -8.1693282550316090e-002 -7.1508039356987380e-002 -1.5926099514648154e-001 -1.6548007341697646e-002  2.4192697396236253e-003  1.2909919133668951e-001  1.6253491948861179e-002 -1.7850779221218582e-001 -2.0032353634237968e-001  2.9122826620838282e-001  2.6341110211703839e-001  1.0930686905261226e-001 -9.2158385690800398e-002
 -2.1798360370359290e-001 -2.1688479207840633e-001  1.6841807666560696e-001 -3.4552762785268976e-001 -3.6308641690920812e-001  6.3111652726906761e-002 -2.0359325863674510e-001  1.1572570371951307e-002  1.1658904025417421e-001 -4.0944131968695160e-002 -4.5231530216888971e-002 -3.8783028468634802e-002 -2.3998088577483065e-001 -2.6380893928819199e-001 -2.5263646500258052e-001 -6.3961628083994415e-004 -8.9156502637148846e-002  7.8378005072394369e-002 -1.9574318026011178e-001 -7.3445241585444535e-003  9.2725246722400997e-002  7.9521237888006066e-003  2.9831258584144438e-001  4.1720285847258599e-002  5.1401013290762070e-002 -1.7715341107106472e-002 -1.8744541270221621e-001  3.1063469782912878e-001 -1.8336517596960422e-001  2.2449557492636152e-001
 -3.0528720975464635e-001  1.3240834913225649e-001 -2.3027463261744824e-001 -2.5636074366766914e-001  6.6022522585016369e-002 -2.8181276392400695e-001 -1.8570433211439197e-003  1.6839718492860090e-002 -2.5593925841799689e-002 -1.1844710406376280e-001  9.4817838991973297e-002 -1.1287756502644694e-001 -2.5066576448843775e-001 -2.0502845688444019e-001  1.7805730311770837e-001 -1.9043311714464889e-001 -1.9315808729213482e-001 -2.8524254912192587e-001 -6.7733642496643348e-003  2.3985788947198106e-003 -2.9447249577025947e-001 -1.8335974215875928e-001 -2.3063148101942832e-001 -2.6176662879996267e-002 -1.0328718819064205e-001  8.9147059138326268e-002 -3.1555348020279039e-003 -1.4716115700502578e-002  3.2444191159847413e-001  2.4527520655081270e-001
 -1.2682952224503594e-001 -3.1485899945747531e-001 -1.8391765003812602e-001  2.8478263405836179e-001 -4.5179309981673049e-002  2.7898294055602418e-001 -7.6725613360013462e-002 -7.4835665430725645e-002 -2.0494662917723919e-001  1.6144423931682567e-001 -1.0993638490761951e-001  1.2978588576117389e-001  1.0105498929194640e-001  5.2301707560031267e-002 -1.6975283294491680e-001 -1.7447535869935860e-001  5.8302084292410211e-003  1.1368534277463591e-001 -4.5256019561089177e-002 -7.2255125827853275e-002 -3.8914332791143141e-001 -1.7987714932139962e-001  2.5200013902716461e-002 -1.6490818875877591e-001 -3.0563393078745860e-001  3.7086715199037779e-001 -9.6300073573096986e-002 -6.0295043383196321e-002 -9.0168519972527394e-002  1.5952727125926425e-001
 -8.2258345990898971e-002  6.7900172026578803e-002  1.7027505264613418e-001  1.6037138238453605e-001  2.7399849475667026e-001  2.3425236767821281e-001  2.7478939658118590e-001 -3.5988873849567490e-002  2.4931084659678335e-001  3.3329654991245822e-002  3.4828486688747562e-001 -8.1298996596495643e-002  8.9789277570805806e-002 -2.4369276036077128e-001 -3.2705215669808246e-001 -6.0792552256251610e-002 -9.8582405686606950e-002 -4.2636815006864996e-002  6.3294662691909351e-002  2.7192697196352411e-001 -1.2265094405111521e-002 -5.0960800114069831e-002 -9.3525082567532933e-002 -1.6032929556114617e-001  6.0326170394255002e-002  1.3118910302863718e-001 -1.8839004018943631e-001  3.3690495933025821e-001  1.7064673089761925e-001 -1.7949485198873605e-001
 -7.4177538482240873e-002 -1.8131424554060244e-001  2.6172035951166261e-001  1.1783358861617617e-001  3.7773190170623791e-002 -2.3661974711038788e-001 -2.0201682628478090e-001 -1.5451414172624417e-001 -1.4994146693638310e-002 -4.4541441709697351e-002  1.0824781144262413e-001 -2.1344697872765803e-001 -4.3279650271416836e-001  1.6708879796272386e-001 -8.1403693354648102e-002 -3.0777483338975252e-002  1.1191037881354607e-001  6.5641486514379926e-002  3.2555374280181543e-001  1.9842706200022747e-001 -5.9819123844691319e-002  2.0890175806427549e-001  1.5990529874807496e-001 -1.9578584202708933e-002 -4.0271012337075296e-001 -8.7208236122985200e-003  1.8279299295234308e-002 -9.4857307700769680e-002  1.0655499979678175e-001 -2.3779835988226466e-001
 -3.1209095697876182e-001  4.8147197461230293e-002 -2.3965629642482872e-001 -3.7722160133229550e-002  3.5942996296278833e-002  2.8955470372072262e-001 -1.9656643978199245e-001  2.1180718358521466e-001 -2.8355254147460185e-001 -1.0424090861272177e-001  2.5362538733747264e-001 -6.8836242582078030e-002  1.2225042152423193e-001 -1.5184044361487084e-001  2.8316983332709544e-001  1.7636625042863466e-002 -1.6326715240537232e-001  1.7946180323956601e-001  4.2840706118455268e-001 -6.7687070967842877e-003  1.8094952292062075e-001  6.0649300347828075e-002  2.1958572413771726e-001 -2.0215664490307073e-001  5.0291420105316273e-002 -9.9221583231465321e-002 -3.3153516850780093e-002 -2.4210806535945772e-002 -8.0810170960975300e-002 -7.3634184429132665e-002
 -3.4645963607734913e-002 -8.5108778437531424e-002  2.5040909837893038e-001  2.0051279353085701e-002 -1.5986748255190600e-001 -1.4000193214791912e-001  1.5459646721047768e-001  3.8967820909982645e-002 -2.4640230383072464e-001 -1.8322691918179823e-001  4.8960812012575072e-002  3.3392811199232053e-001  2.9431441479474161e-002  2.5301501558373979e-001 -4.6441382541573747e-003 -1.7213397909503717e-001 -4.8811457319519608e-002 -2.8198367121960172e-001  1.3115548560889151e-001 -2.8282909005284779e-001 -3.1508574060317034e-002 -1.2693559249961334e-001 -3.2875955596160467e-002 -3.2902309841486754e-001 -3.9114717009202479e-002 -2.3057561458361012e-001  7.3786134146088936e-002  4.1365960400000151e-001 -5.2361047479096832e-002 -1.2497023876319464e-001
 -1.6805034793702944e-001 -6.9575130752760866e-002  2.4994702601030155e-001  9.2558382312587173e-002  8.4781028399265879e-002  1.4447808832880168e-001  1.9052444262009957e-001  2.3229438480862985e-001  3.7428987110959350e-001  9.6401358905815679e-003 -8.3306076019278433e-002  9.7228499391060402e-002 -2.3717077295331863e-002  6.1443667055022501e-002  2.4719404825006810e-002 -3.8114718095524536e-001 -2.3097638765854184e-001  1.5485160697159683e-001  2.5476659970965747e-002 -1.7154823390429891e-001  1.8107248440880894e-001 -5.0337018658020045e-002 -2.8830140753314790e-002  4.1020360784851412e-002 -2.0987134399005744e-001 -3.1481912384204180e-001 -7.0328041451079307e-002 -3.6281290055853160e-001  5.8662877552098293e-002  2.0575507761358292e-001
 -1.9160850605081611e-001 -6.6765732460544958e-002 -2.2730202797090815e-001  1.2461549033092900e-001 -5.5397452883355160e-002 -1.4175145216570251e-001  2.8432096021130510e-001 -2.1279852202380456e-001  1.4916756142577808e-001  8.1472120839400336e-002  8.7431850007032241e-002  1.6969558726221576e-001 -1.9284279699408319e-001  8.6358732243003666e-002  2.1135162734069311e-002  2.5815374564734483e-001 -1.0728883904993114e-001 -9.8855008305481787e-002 -1.2322195247275844e-001 -1.0612384706787562e-001  3.8078300354119643e-001  2.9069317338880485e-001  1.0186413132942973e-001 -4.1024065776945823e-001  1.4513591665834562e-002  2.6095476225095082e-001  3.9938074523134942e-002 -1.3542171416816881e-001  2.0377106022357483e-002  1.4396216819529667e-001
 -1.0284394726718989e-001 -1.0944823995212283e-001  1.4876070751616549e-001  2.4419579474971873e-001 -1.4030538779594995e-001 -1.7370359266347876e-001  1.3764105614077868e-001  2.2972570761712277e-001 -2.4492445690139805e-001 -1.8608176873275104e-001  8.2279617273815761e-002  6.0806723345414336e-002  1.3899235845099533e-001 -5.6124116277831565e-002  2.0767980589593732e-001  3.5914026716492592e-001 -2.4827897130446669e-001  1.3704220197849293e-001 -2.9692978285202332e-001  1.5677956869528223e-001 -4.1187379462566301e-002  1.5951814140693979e-001 -1.6967580555799155e-001  2.1652666743810464e-001 -2.5121157775955316e-001 -3.1537857091806849e-002 -3.2810881699229921e-001  5.6308191744019249e-002  5.3716707430391822e-002 -2.5347484761675275e-002
 -3.1277356242866411e-001  3.0147374715130615e-001  1.7545306771391495e-001 -1.2192024803487599e-002  1.1139855314668753e-001 -6.8956645898504365e-002 -2.3903096455712891e-001 -2.9666731496746457e-001  1.9015782308605775e-002  1.2255955766945913e-001  2.5436439608695106e-003  3.7564036709739990e-001 -7.5614522979727782e-003 -1.1981538452902719e-001 -1.4960956910917245e-001  1.2414763920147877e-001 -1.9947074211886140e-001  1.5968136154916748e-001  1.1211595195479672e-003 -1.1904852287842091e-002 -2.9188773702198706e-001  1.8947914079775111e-001 -2.4263757777516268e-001 -3.9644277999463969e-002  1.1446101532359246e-001 -1.6358865992149940e-001  9.5286779525719109e-002 -1.4598822816475754e-001 -2.9013711738019965e-001 -8.9046776072152611e-002
 -1.0845283490490425e-001 -7.1704110583625552e-002 -1.1329080788245578e-001  3.7731067319929612e-001 -1.1683399406348086e-001  2.3751707847118057e-002 -1.3951878226046467e-002 -1.6901758792967955e-001 -1.1238947506574748e-001  9.5740186780964492e-002  1.3329822491456858e-001  2.3731140350907906e-001 -1.9996690784149540e-001 -2.7035023861070112e-001 -9.2722857634875058e-003 -1.4300586772277396e-001  5.6651427353917976e-003 -2.3855902912382973e-001 -1.1077843371244673e-002 -2.1851319419370996e-001  1.2562169715951110e-001 -1.1513460413782950e-001  1.8859192162961111e-001  4.9077719349410820e-001  1.9269810588425385e-001 -4.4520642162179554e-002 -4.9730797755220782e-002 -8.9149410822335531e-002  1.5325346048520808e-001 -2.6856251916300050e-001
 -1.4175275971579895e-001 -2.9775043327298767e-001 -1.3706034526268171e-001 -2.3818476847359046e-001  1.6109616970564594e-002  8.7989676624107671e-002 -2.1935655182887587e-001 -2.4401822186835861e-001  1.5066214802845299e-001 -6.9462297529655589e-002 -1.5542071033929669e-001  1.2237375531451936e-001  1.4995348016692731e-001  2.6022023049359216e-001  5.0965977508060686e-002 -1.8118195573775100e-002 -5.1176048067689175e-002 -2.0324152515244731e-001  1.7096326689978700e-001  1.6241847112364555e-001  2.9112303802073225e-001 -6.6550898888282362e-002 -3.9540051865999182e-001  1.3059230998143770e-001  3.0500224094491823e-003  6.8979094624572551e-002 -3.7139379868052802e-001 -4.2416118874717638e-003 -2.8330116027642172e-002 -1.8615786142513829e-001
 -2.2010639393070250e-001  1.5561156847674493e-002 -6.1499953143832137e-002 -2.0776816068872794e-001  1.7740572183540942e-001  1.0985115001074401e-001  2.4725266953878111e-001  2.1971827787851350e-001 -3.4772784365370196e-001  8.0356386515065104e-002 -4.1876686581922790e-001 -3.9269896020820212e-002 -1.0677219224173211e-001 -1.0840029984515410e-001 -1.8952379107340894e-001 -2.0225551590801769e-001 -2.1440276478302232e-002 -9.3051687540899514e-002 -1.9320006553178781e-001  1.3336320575259386e-001  1.6709287171316758e-001  2.4752704289126812e-001 -5.4416182246936493e-002  4.2018925871998847e-002 -1.2263031268728578e-001  6.3709937725814805e-002  2.1384044544055897e-001 -6.2428717224075232e-004 -6.2698363027986176e-002 -3.4677219242295299e-001
 -2.3564767876523715e-002 -1.1863864518497425e-001  1.6747880370381697e-002 -7.3901086774791014e-002  2.5265856798295128e-001 -1.6770906588451179e-002 -4.5486809112614901e-003 -1.5902019581682364e-001 -1.2899398786996499e-001 -4.5014105076815641e-001  1.6279723043882310e-001  8.4399796383380021e-002  1.6932707508398967e-001 -2.1862266562027437e-002 -3.2793789987401134e-001  1.3154174324715689e-001 -7.1646665414184907e-002  9.5753972953180819e-002  7.7880694339354156e-002 -9.9176141010620403e-002  2.3233638156446720e-001 -1.0598415670738461e-001 -2.4321259240043698e-002  3.0116986569010995e-001 -1.7824639924358379e-001  1.2448812606941752e-001  4.2316985160617981e-001  1.0869751128357518e-002  1.9295701835934220e-002  2.6413991574766421e-001
 -1.9538446590351902e-001 -5.6523464970132165e-002  2.3175312401453310e-001 -5.0629628141763028e-002 -5.2042924621411335e-001  1.3636374171352214e-001  1.9420892565044590e-001 -3.8198973138823741e-002  3.1183069335430469e-002  8.9502970784435879e-002  2.0199396348466117e-001 -1.8122525300861753e-001  1.9147913637834696e-001 -5.1836034853375262e-002  1.1449567153246702e-001 -1.3105235828257367e-001  2.0496183410672320e-001 -4.3124904287426769e-002  1.7939754588034332e-001 -4.7837057148316341e-002 -5.4170294438925640e-002  2.7951914778556120e-001 -3.1938179460902427e-001  1.4964736596808148e-001  6.0095654864247554e-002  2.2305581756847220e-001  2.7559514638026572e-001 -6.9191792599834101e-002 -2.2694900476069407e-002  5.5232420875240926e-002
 -2.1284613862455840e-001 -3.5330146832085560e-002 -1.9657787812936572e-002 -1.7930779546286058e-001  2.7548962838516305e-001  1.7133771306821238e-001  3.5208133161527100e-002  2.2693549178677797e-001  8.6957653871266555e-002  1.0589965013299954e-001  2.0041538130122732e-001  1.7464478130506092e-001  7.4522948973343647e-002  1.9500045401192542e-001 -3.7801919894261425e-002  2.2578392457828134e-001  3.6401169020006419e-001 -3.8957334165690216e-001 -1.3498203033468667e-002 -7.8218691386611389e-002 -2.3707840783176459e-001  2.7018850251518822e-001  2.2212769401447727e-001  2.0140133008995564e-001 -1.0981346500904433e-001 -1.1942716897753172e-001 -1.2493533068769073e-001 -9.2923157334264678e-003 -1.6858660339010574e-002  1.5970500480744892e-001
 -3.1312819866854663e-001  1.6988052730451259e-001  1.2420100028870407e-001  7.9130102683007561e-002  8.8686055456718565e-003 -1.3516024573631866e-001 -2.1265354763030025e-001  3.0392029304979828e-001  3.3346604664628063e-002  3.3348468995834962e-001  9.4680169795357164e-002  1.8442230048834699e-001 -7.6351295648700565e-002  1.9907348150664922e-001  8.4436934293201607e-002  5.8511730812113742e-002  2.3685621399593162e-001  1.6542282521611418e-001 -1.0160391240230594e-001  1.7440804089590495e-001  2.8118031960990220e-001 -4.0108996164024535e-001 -8.0639958114712335e-002  5.0099516612770227e-002 -3.3061402355126855e-002  2.0313736264944543e-001  1.9398580556159112e-001  1.6698612049575601e-001  5.1934328886438993e-002  2.0727883488215026e-002
 -7.3591266058401814e-002 -2.6398295604764277e-001  2.1060518357274285e-001 -2.2320558348002284e-001 -3.3636375751620456e-002  2.1641274708775324e-001  8.1711601034733905e-002 -9.3096558962852710e-002 -1.4762725110203972e-001 -1.1324342612752685e-002  2.4949882985445757e-001 -1.1139208787645413e-001 -5.2228395128737240e-002  1.6747877641918610e-001  2.6038717725251855e-002  1.8679896025505879e-001 -1.2227344364944424e-001 -8.6057033924593601e-002 -3.1078181888471745e-001  1.5640572244009787e-001 -1.1264786257108396e-001 -3.5349686031212457e-001  8.8687860895126355e-002 -1.4908144084204647e-001  2.0461817618966371e-001 -1.1000315497504312e-001  1.5899027506771943e-001 -4.1069396466594349e-001  6.8783368642654052e-002 -2.0171941935883209e-001
 -2.2192402577158904e-002 -5.9741346370967591e-002  4.3847682906830043e-001 -1.2982064027470627e-001  3.7578916865573286e-001 -1.6662915557577526e-001 -2.7235691951664781e-002 -9.7082821449805280e-003 -1.3352395768855685e-001  1.5732154413312695e-002 -2.8879075400394805e-002 -1.0142944369656456e-001  5.4110293464315645e-002 -3.6586421790836078e-002  2.0985080012239232e-001 -9.2627466525897331e-002 -1.0713338858517397e-002  6.9772304148321196e-002 -3.6686822282840730e-003 -4.0489507791561419e-001  2.6399015715446877e-002  3.8117915354990643e-002  9.2364939027686846e-002  1.3001376783634904e-002  2.3035845270465763e-001  4.7563929312028619e-001 -2.5165208725691762e-001 -6.3551643971278840e-002 -5.2823980783108689e-002 -4.0990354217974104e-002
 -8.0719236470121730e-003 -4.5808570944809029e-001 -1.1832109914525914e-001 -1.1669751563712916e-001  4.9074623883517167e-002 -2.5587419866826644e-001  5.9712919638535096e-002  1.7898416153739244e-001 -3.4496310370775177e-002  9.1524177493326697e-002 -3.4003768208965536e-002  2.5634309876628497e-001  5.1043973645325730e-002 -7.1726695330179835e-002 -1.5102712923468628e-001 -1.7898934190718231e-002  1.3233319984087755e-001  3.6553945333630927e-001  1.5085771406266368e-001  6.0638037642987870e-002 -1.3363310866340666e-001  1.5440934202136528e-001 -6.7837475367067399e-002 -5.7293692543654115e-002  3.7461044714747127e-001 -1.1579534988234007e-001  3.3983269961014737e-002 -9.1655957786691122e-003  4.1135010460030136e-001  1.8403878301405399e-002
 -8.8140987161906617e-002 -2.8765920893902724e-001 -6.4226380185086751e-002  1.9066529851874170e-001  1.0513774905330017e-001 -1.2914935339524189e-002  3.6791243174605935e-002  2.7350368469294856e-001  2.7761375548287659e-001 -2.3458500187461853e-001 -1.2486849799950059e-001 -1.1541573918909842e-001 -2.3370270622051872e-001 -2.8418177205411943e-001  5.5706618639434456e-002  2.9087817505829189e-001  2.0880390382980724e-001 -6.7724586876277970e-002  9.3139409878000845e-002 -1.8931219734279095e-001 -9.4790306145023373e-002 -1.8859422574900261e-001 -2.6387553781658424e-001 -9.5699559561312791e-002  5.4448377328608827e-002 -9.6818566784243193e-003  1.2255998389258638e-001 -2.0600007607435154e-002 -3.6722318220072298e-001 -1.6770942982774528e-001
 -1.2526153492706893e-001  2.8545116569152044e-002  5.3456623648178214e-002 -1.2247485342449084e-001  4.4285624042383856e-002  9.8591404573720759e-002  2.7606918677760417e-001 -3.5572395013566216e-001  1.3008281664543253e-001 -2.5185551847195997e-001 -1.7953389206736650e-001  2.7965500519056186e-001  2.9733931320991013e-002 -1.7995257800695896e-001  4.5285574873508416e-001 -5.5599570282447885e-002  3.3837503369837718e-001  2.2619348647748419e-001 -4.5706374804928090e-002  2.0670610131544814e-001 -8.4752515792327759e-002 -1.0611330729423871e-001  2.3174216877294321e-001  4.1022506662579273e-004 -1.3767872058512620e-001  2.8727147816474813e-003  3.2572611841936903e-002  9.7903266559534227e-002  4.3131226274364352e-002 -6.9841119340751406e-002
 -3.1613944459935978e-001  2.4140453794521702e-001  9.8443825817516331e-002  1.1839493324803943e-001 -9.0114480015266687e-002  1.7292831050734947e-001  6.3529193578637413e-002 -1.4532679649226718e-001 -1.3054389822713877e-001 -8.1715388255558463e-002 -3.8324767167636858e-001 -2.6523113224045269e-001 -6.9013813396589935e-003  1.1037161087228460e-001 -2.0883275667996032e-001  3.2913911208408886e-001  1.8003662512616425e-001  7.5019259311376929e-002  1.1854552062992649e-001 -2.4978131021388894e-001  1.7291517003203388e-002 -1.2344070802564884e-001 -4.6886219054159281e-002 -4.7981974744116668e-002  8.9796314054592097e-002 -1.4104336831573111e-001 -1.6967519165219117e-001  2.4708193071810401e-003  3.9098955864699558e-001  7.4997487731789034e-002
 -7.9853312177483857e-002  2.4689224093949039e-002  2.0173030805155726e-001  1.4652637192847306e-001 -1.0947459711052930e-001 -2.4045898164245300e-001 -1.1414611137288920e-002  1.3909101132131585e-001  4.3561415371136725e-002 -7.5923199649667400e-002 -3.1387239357168445e-001  9.2331275463130691e-002  3.0588030019226753e-001 -1.4904200470636161e-001 -9.6157782174222842e-002  6.0668066163719121e-002 -1.0340427866955766e-001 -3.7131914174781416e-001  2.8003095365461922e-001  3.8751757446328544e-001 -2.6334476600332182e-002 -1.0269191390402670e-001  3.0489643217294421e-001 -5.5169602028345775e-002  1.3148951324647862e-001  1.4586386429994214e-001  3.5201733511157546e-002 -2.3860984673263166e-001 -4.5778365098297163e-002  1.2216158557875068e-001
 -2.1537030217309361e-001  2.6152992405576815e-002 -9.2023086635931339e-002  1.6019168397231198e-001 -2.8982242750720602e-003 -2.3033564669273152e-001 -2.7592597638401628e-001 -2.6838206777249990e-002  4.1427474345235957e-002 -2.9558363278964411e-001  1.4067990778206163e-001 -1.6758600908555663e-001  3.3612387382867059e-001 -5.2536420230509008e-002 -1.3179639533873855e-001 -3.1249718322876963e-001  3.5927695406569360e-001 -2.4978428079578209e-002 -4.1063914207351671e-001 -2.6170846923219020e-002  9.7041752032707262e-002  1.0472103760723785e-001  1.6384247279795990e-002 -2.2448081417817495e-001  2.5314817266553491e-002 -1.2588692844670715e-001 -7.1978585558606006e-002 -1.3583324925106455e-001 -1.0372578924460613e-003 -1.0478442953830447e-001
