           -4.795195e-02            -1.683594e-01             7.713363e-02             1.804337e-01             2.243403e-01            -6.542758e-02             1.529335e-01            -2.301528e-01            -3.517431e-01             1.996374e-01             2.440599e-02            -1.773762e-01            -1.140070e-01            -6.768128e-02             8.761403e-02            -1.084226e-01             1.785255e-01            -6.731282e-02             3.334238e-02             2.475472e-01             1.540707e-01            -3.749615e-02            -1.531017e-01             6.552783e-03             1.634984e-01            -3.005834e-01            -9.391873e-02             5.285787e-02            -2.876807e-01             4.564621e-01 
           -1.543803e-01            -6.084914e-02            -2.702211e-04             2.992847e-01             1.069792e-01             2.068334e-01            -1.518726e-01             3.735129e-02             1.313958e-01            -2.836587e-01            -1.440955e-01            -7.821899e-02            -1.610663e-01             3.729408e-01             1.832336e-01            -1.340081e-01            -2.121062e-01            -1.745117e-02            -1.422569e-01             1.564329e-01            -1.578825e-01             2.311980e-01             5.777066e-02             1.149860e-01             3.867817e-01             8.951474e-02             2.196669e-01             2.425444e-01             4.899535e-02             1.048981e-01 
           -2.600064e-01             6.684587e-02            -2.692165e-01            -5.947700e-02            -5.447445e-02            -3.278333e-01             4.009591e-01            -3.267166e-02             8.691738e-02             3.579522e-03             8.140571e-02            -2.092017e-01             9.024338e-02             3.294999e-01            -1.492105e-01            -7.079476e-02            -8.990023e-02             2.221983e-01             1.084149e-01            -1.924416e-02            -1.540007e-01            -1.692843e-01             1.954030e-01             2.382801e-01             1.041439e-01             1.927441e-03            -1.122303e-01             3.086415e-02            -3.386820e-01            -1.472114e-01 
           -1.439058e-01            -2.700349e-01            -3.650713e-03             3.637855e-02             1.319067e-01            -1.281331e-01            -1.042205e-01            -1.914177e-01             1.761427e-01             3.917275e-01            -1.296657e-01            -2.681228e-01             3.647226e-01            -1.098920e-01             1.949976e-01             1.262666e-01            -2.246616e-01            -8.169328e-02            -7.150804e-02            -1.592610e-01            -1.654801e-02             2.419270e-03             1.290992e-01             1.625349e-02            -1.785078e-01            -2.003235e-01             2.912283e-01             2.634111e-01             1.093069e-01            -9.215839e-02 
           -2.179836e-01            -2.168848e-01             1.684181e-01            -3.455276e-01            -3.630864e-01             6.311165e-02            -2.035933e-01             1.157257e-02             1.165890e-01            -4.094413e-02            -4.523153e-02            -3.878303e-02            -2.399809e-01            -2.638089e-01            -2.526365e-01            -6.396163e-04            -8.915650e-02             7.837801e-02            -1.957432e-01            -7.344524e-03             9.272525e-02             7.952124e-03             2.983126e-01             4.172029e-02             5.140101e-02            -1.771534e-02            -1.874454e-01             3.106347e-01            -1.833652e-01             2.244956e-01 
           -3.052872e-01             1.324083e-01            -2.302746e-01            -2.563607e-01             6.602252e-02            -2.818128e-01            -1.857043e-03             1.683972e-02            -2.559393e-02            -1.184471e-01             9.481784e-02            -1.128776e-01            -2.506658e-01            -2.050285e-01             1.780573e-01            -1.904331e-01            -1.931581e-01            -2.852425e-01            -6.773364e-03             2.398579e-03            -2.944725e-01            -1.833597e-01            -2.306315e-01            -2.617666e-02            -1.032872e-01             8.914706e-02            -3.155535e-03            -1.471612e-02             3.244419e-01             2.452752e-01 
           -1.268295e-01            -3.148590e-01            -1.839177e-01             2.847826e-01            -4.517931e-02             2.789829e-01            -7.672561e-02            -7.483567e-02            -2.049466e-01             1.614442e-01            -1.099364e-01             1.297859e-01             1.010550e-01             5.230171e-02            -1.697528e-01            -1.744754e-01             5.830208e-03             1.136853e-01            -4.525602e-02            -7.225513e-02            -3.891433e-01            -1.798771e-01             2.520001e-02            -1.649082e-01            -3.056339e-01             3.708672e-01            -9.630007e-02            -6.029504e-02            -9.016852e-02             1.595273e-01 
           -8.225835e-02             6.790017e-02             1.702751e-01             1.603714e-01             2.739985e-01             2.342524e-01             2.747894e-01            -3.598887e-02             2.493108e-01             3.332965e-02             3.482849e-01            -8.129900e-02             8.978928e-02            -2.436928e-01            -3.270522e-01            -6.079255e-02            -9.858241e-02            -4.263682e-02             6.329466e-02             2.719270e-01            -1.226509e-02            -5.096080e-02            -9.352508e-02            -1.603293e-01             6.032617e-02             1.311891e-01            -1.883900e-01             3.369050e-01             1.706467e-01            -1.794949e-01 
           -7.417754e-02            -1.813142e-01             2.617204e-01             1.178336e-01             3.777319e-02            -2.366197e-01            -2.020168e-01            -1.545141e-01            -1.499415e-02            -4.454144e-02             1.082478e-01            -2.134470e-01            -4.327965e-01             1.670888e-01            -8.140369e-02            -3.077748e-02             1.119104e-01             6.564149e-02             3.255537e-01             1.984271e-01            -5.981912e-02             2.089018e-01             1.599053e-01            -1.957858e-02            -4.027101e-01            -8.720824e-03             1.827930e-02            -9.485731e-02             1.065550e-01            -2.377984e-01 
           -3.120910e-01             4.814720e-02            -2.396563e-01            -3.772216e-02             3.594300e-02             2.895547e-01            -1.965664e-01             2.118072e-01            -2.835525e-01            -1.042409e-01             2.536254e-01            -6.883624e-02             1.222504e-01            -1.518404e-01             2.831698e-01             1.763663e-02            -1.632672e-01             1.794618e-01             4.284071e-01            -6.768707e-03             1.809495e-01             6.064930e-02             2.195857e-01            -2.021566e-01             5.029142e-02            -9.922158e-02            -3.315352e-02            -2.421081e-02            -8.081017e-02            -7.363418e-02 
           -3.464596e-02            -8.510878e-02             2.504091e-01             2.005128e-02            -1.598675e-01            -1.400019e-01             1.545965e-01             3.896782e-02            -2.464023e-01            -1.832269e-01             4.896081e-02             3.339281e-01             2.943144e-02             2.530150e-01            -4.644138e-03            -1.721340e-01            -4.881146e-02            -2.819837e-01             1.311555e-01            -2.828291e-01            -3.150857e-02            -1.269356e-01            -3.287596e-02            -3.290231e-01            -3.911472e-02            -2.305756e-01             7.378613e-02             4.136596e-01            -5.236105e-02            -1.249702e-01 
           -1.680503e-01            -6.957513e-02             2.499470e-01             9.255838e-02             8.478103e-02             1.444781e-01             1.905244e-01             2.322944e-01             3.742899e-01             9.640136e-03            -8.330608e-02             9.722850e-02            -2.371708e-02             6.144367e-02             2.471940e-02            -3.811472e-01            -2.309764e-01             1.548516e-01             2.547666e-02            -1.715482e-01             1.810725e-01            -5.033702e-02            -2.883014e-02             4.102036e-02            -2.098713e-01            -3.148191e-01            -7.032804e-02            -3.628129e-01             5.866288e-02             2.057551e-01 
           -1.916085e-01            -6.676573e-02            -2.273020e-01             1.246155e-01            -5.539745e-02            -1.417515e-01             2.843210e-01            -2.127985e-01             1.491676e-01             8.147212e-02             8.743185e-02             1.696956e-01            -1.928428e-01             8.635873e-02             2.113516e-02             2.581537e-01            -1.072888e-01            -9.885501e-02            -1.232220e-01            -1.061238e-01             3.807830e-01             2.906932e-01             1.018641e-01            -4.102407e-01             1.451359e-02             2.609548e-01             3.993807e-02            -1.354217e-01             2.037711e-02             1.439622e-01 
           -1.028439e-01            -1.094482e-01             1.487607e-01             2.441958e-01            -1.403054e-01            -1.737036e-01             1.376411e-01             2.297257e-01            -2.449245e-01            -1.860818e-01             8.227962e-02             6.080672e-02             1.389924e-01            -5.612412e-02             2.076798e-01             3.591403e-01            -2.482790e-01             1.370422e-01            -2.969298e-01             1.567796e-01            -4.118738e-02             1.595181e-01            -1.696758e-01             2.165267e-01            -2.512116e-01            -3.153786e-02            -3.281088e-01             5.630819e-02             5.371671e-02            -2.534748e-02 
           -3.127736e-01             3.014737e-01             1.754531e-01            -1.219202e-02             1.113986e-01            -6.895665e-02            -2.390310e-01            -2.966673e-01             1.901578e-02             1.225596e-01             2.543644e-03             3.756404e-01            -7.561452e-03            -1.198154e-01            -1.496096e-01             1.241476e-01            -1.994707e-01             1.596814e-01             1.121160e-03            -1.190485e-02            -2.918877e-01             1.894791e-01            -2.426376e-01            -3.964428e-02             1.144610e-01            -1.635887e-01             9.528678e-02            -1.459882e-01            -2.901371e-01            -8.904678e-02 
           -1.084528e-01            -7.170411e-02            -1.132908e-01             3.773107e-01            -1.168340e-01             2.375171e-02            -1.395188e-02            -1.690176e-01            -1.123895e-01             9.574019e-02             1.332982e-01             2.373114e-01            -1.999669e-01            -2.703502e-01            -9.272286e-03            -1.430059e-01             5.665143e-03            -2.385590e-01            -1.107784e-02            -2.185132e-01             1.256217e-01            -1.151346e-01             1.885919e-01             4.907772e-01             1.926981e-01            -4.452064e-02            -4.973080e-02            -8.914941e-02             1.532535e-01            -2.685625e-01 
           -1.417528e-01            -2.977504e-01            -1.370603e-01            -2.381848e-01             1.610962e-02             8.798968e-02            -2.193566e-01            -2.440182e-01             1.506621e-01            -6.946230e-02            -1.554207e-01             1.223738e-01             1.499535e-01             2.602202e-01             5.096598e-02            -1.811820e-02            -5.117605e-02            -2.032415e-01             1.709633e-01             1.624185e-01             2.911230e-01            -6.655090e-02            -3.954005e-01             1.305923e-01             3.050022e-03             6.897909e-02            -3.713938e-01            -4.241612e-03            -2.833012e-02            -1.861579e-01 
           -2.201064e-01             1.556116e-02            -6.149995e-02            -2.077682e-01             1.774057e-01             1.098512e-01             2.472527e-01             2.197183e-01            -3.477278e-01             8.035639e-02            -4.187669e-01            -3.926990e-02            -1.067722e-01            -1.084003e-01            -1.895238e-01            -2.022555e-01            -2.144028e-02            -9.305169e-02            -1.932001e-01             1.333632e-01             1.670929e-01             2.475270e-01            -5.441618e-02             4.201893e-02            -1.226303e-01             6.370994e-02             2.138404e-01            -6.242872e-04            -6.269836e-02            -3.467722e-01 
           -2.356477e-02            -1.186386e-01             1.674788e-02            -7.390109e-02             2.526586e-01            -1.677091e-02            -4.548681e-03            -1.590202e-01            -1.289940e-01            -4.501411e-01             1.627972e-01             8.439980e-02             1.693271e-01            -2.186227e-02            -3.279379e-01             1.315417e-01            -7.164667e-02             9.575397e-02             7.788069e-02            -9.917614e-02             2.323364e-01            -1.059842e-01            -2.432126e-02             3.011699e-01            -1.782464e-01             1.244881e-01             4.231699e-01             1.086975e-02             1.929570e-02             2.641399e-01 
           -1.953845e-01            -5.652346e-02             2.317531e-01            -5.062963e-02            -5.204292e-01             1.363637e-01             1.942089e-01            -3.819897e-02             3.118307e-02             8.950297e-02             2.019940e-01            -1.812253e-01             1.914791e-01            -5.183603e-02             1.144957e-01            -1.310524e-01             2.049618e-01            -4.312490e-02             1.793975e-01            -4.783706e-02            -5.417029e-02             2.795191e-01            -3.193818e-01             1.496474e-01             6.009565e-02             2.230558e-01             2.755951e-01            -6.919179e-02            -2.269490e-02             5.523242e-02 
           -2.128461e-01            -3.533015e-02            -1.965779e-02            -1.793078e-01             2.754896e-01             1.713377e-01             3.520813e-02             2.269355e-01             8.695765e-02             1.058997e-01             2.004154e-01             1.746448e-01             7.452295e-02             1.950005e-01            -3.780192e-02             2.257839e-01             3.640117e-01            -3.895733e-01            -1.349820e-02            -7.821869e-02            -2.370784e-01             2.701885e-01             2.221277e-01             2.014013e-01            -1.098135e-01            -1.194272e-01            -1.249353e-01            -9.292316e-03            -1.685866e-02             1.597050e-01 
           -3.131282e-01             1.698805e-01             1.242010e-01             7.913010e-02             8.868606e-03            -1.351602e-01            -2.126535e-01             3.039203e-01             3.334660e-02             3.334847e-01             9.468017e-02             1.844223e-01            -7.635130e-02             1.990735e-01             8.443693e-02             5.851173e-02             2.368562e-01             1.654228e-01            -1.016039e-01             1.744080e-01             2.811803e-01            -4.010900e-01            -8.063996e-02             5.009952e-02            -3.306140e-02             2.031374e-01             1.939858e-01             1.669861e-01             5.193433e-02             2.072788e-02 
           -7.359127e-02            -2.639830e-01             2.106052e-01            -2.232056e-01            -3.363638e-02             2.164127e-01             8.171160e-02            -9.309656e-02            -1.476273e-01            -1.132434e-02             2.494988e-01            -1.113921e-01            -5.222840e-02             1.674788e-01             2.603872e-02             1.867990e-01            -1.222734e-01            -8.605703e-02            -3.107818e-01             1.564057e-01            -1.126479e-01            -3.534969e-01             8.868786e-02            -1.490814e-01             2.046182e-01            -1.100032e-01             1.589903e-01            -4.106940e-01             6.878337e-02            -2.017194e-01 
           -2.219240e-02            -5.974135e-02             4.384768e-01            -1.298206e-01             3.757892e-01            -1.666292e-01            -2.723569e-02            -9.708282e-03            -1.335240e-01             1.573215e-02            -2.887908e-02            -1.014294e-01             5.411029e-02            -3.658642e-02             2.098508e-01            -9.262747e-02            -1.071334e-02             6.977230e-02            -3.668682e-03            -4.048951e-01             2.639902e-02             3.811792e-02             9.236494e-02             1.300138e-02             2.303585e-01             4.756393e-01            -2.516521e-01            -6.355164e-02            -5.282398e-02            -4.099035e-02 
           -8.071924e-03            -4.580857e-01            -1.183211e-01            -1.166975e-01             4.907462e-02            -2.558742e-01             5.971292e-02             1.789842e-01            -3.449631e-02             9.152418e-02            -3.400377e-02             2.563431e-01             5.104397e-02            -7.172670e-02            -1.510271e-01            -1.789893e-02             1.323332e-01             3.655395e-01             1.508577e-01             6.063804e-02            -1.336331e-01             1.544093e-01            -6.783748e-02            -5.729369e-02             3.746104e-01            -1.157953e-01             3.398327e-02            -9.165596e-03             4.113501e-01             1.840388e-02 
           -8.814099e-02            -2.876592e-01            -6.422638e-02             1.906653e-01             1.051377e-01            -1.291494e-02             3.679124e-02             2.735037e-01             2.776138e-01            -2.345850e-01            -1.248685e-01            -1.154157e-01            -2.337027e-01            -2.841818e-01             5.570662e-02             2.908782e-01             2.088039e-01            -6.772459e-02             9.313941e-02            -1.893122e-01            -9.479031e-02            -1.885942e-01            -2.638755e-01            -9.569956e-02             5.444838e-02            -9.681857e-03             1.225600e-01            -2.060001e-02            -3.672232e-01            -1.677094e-01 
           -1.252615e-01             2.854512e-02             5.345662e-02            -1.224749e-01             4.428562e-02             9.859140e-02             2.760692e-01            -3.557240e-01             1.300828e-01            -2.518555e-01            -1.795339e-01             2.796550e-01             2.973393e-02            -1.799526e-01             4.528557e-01            -5.559957e-02             3.383750e-01             2.261935e-01            -4.570637e-02             2.067061e-01            -8.475252e-02            -1.061133e-01             2.317422e-01             4.102251e-04            -1.376787e-01             2.872715e-03             3.257261e-02             9.790327e-02             4.313123e-02            -6.984112e-02 
           -3.161394e-01             2.414045e-01             9.844383e-02             1.183949e-01            -9.011448e-02             1.729283e-01             6.352919e-02            -1.453268e-01            -1.305439e-01            -8.171539e-02            -3.832477e-01            -2.652311e-01            -6.901381e-03             1.103716e-01            -2.088328e-01             3.291391e-01             1.800366e-01             7.501926e-02             1.185455e-01            -2.497813e-01             1.729152e-02            -1.234407e-01            -4.688622e-02            -4.798197e-02             8.979631e-02            -1.410434e-01            -1.696752e-01             2.470819e-03             3.909896e-01             7.499749e-02 
           -7.985331e-02             2.468922e-02             2.017303e-01             1.465264e-01            -1.094746e-01            -2.404590e-01            -1.141461e-02             1.390910e-01             4.356142e-02            -7.592320e-02            -3.138724e-01             9.233128e-02             3.058803e-01            -1.490420e-01            -9.615778e-02             6.066807e-02            -1.034043e-01            -3.713191e-01             2.800310e-01             3.875176e-01            -2.633448e-02            -1.026919e-01             3.048964e-01            -5.516960e-02             1.314895e-01             1.458639e-01             3.520173e-02            -2.386098e-01            -4.577837e-02             1.221616e-01 
           -2.153703e-01             2.615299e-02            -9.202309e-02             1.601917e-01            -2.898224e-03            -2.303356e-01            -2.759260e-01            -2.683821e-02             4.142747e-02            -2.955836e-01             1.406799e-01            -1.675860e-01             3.361239e-01            -5.253642e-02            -1.317964e-01            -3.124972e-01             3.592770e-01            -2.497843e-02            -4.106391e-01            -2.617085e-02             9.704175e-02             1.047210e-01             1.638425e-02            -2.244808e-01             2.531482e-02            -1.258869e-01            -7.197859e-02            -1.358332e-01            -1.037258e-03            -1.047844e-01 
