           -4.718848e-01             4.467005e-01             4.701265e-02             3.204244e-03            -3.520853e-01             5.780695e-01            -2.687787e-01             1.808487e-01             4.853600e-02            -1.006511e-01 
           -8.906417e-03            -5.621701e-03            -3.246883e-01            -5.261586e-03            -3.951154e-01            -1.870660e-01             2.892373e-01             5.007550e-01            -6.073407e-01             7.249018e-03 
           -1.772633e-01            -7.462756e-03            -2.347216e-01            -3.607815e-01            -1.237792e-01            -2.764181e-01             1.256567e-01             3.945944e-01             6.848273e-01             2.259501e-01 
           -5.348491e-01             2.369704e-01             8.200292e-02            -2.960107e-01             4.376420e-01            -3.065379e-02             4.159318e-01            -1.886976e-01            -2.647736e-01             3.037322e-01 
           -4.360993e-01            -1.729554e-01             2.909310e-01             1.672668e-01            -4.196240e-01            -5.253287e-01            -3.149794e-01            -2.596030e-01            -7.576423e-02             2.070853e-01 
           -4.597920e-01            -2.210717e-01            -2.974325e-01             6.092379e-01             2.862712e-01            -5.686993e-02             1.431674e-01             1.174801e-01             1.544288e-01            -3.697967e-01 
           -4.734633e-02            -2.170392e-01            -7.097598e-01            -2.835778e-02             2.579069e-02             2.193185e-01            -3.386837e-01            -2.880595e-01            -9.552925e-02             4.364776e-01 
           -8.355153e-02            -5.813326e-01             1.788228e-01            -3.465562e-02            -3.593944e-01             4.404876e-01             4.999485e-01            -1.723307e-01             1.064967e-01             8.781463e-02 
           -8.511522e-02             7.859936e-02            -3.085081e-01            -4.209748e-01            -2.206319e-01            -1.611858e-01             9.051226e-02            -4.685314e-01             1.142125e-02            -6.416203e-01 
           -2.042085e-01            -5.236399e-01             1.628738e-01            -4.514449e-01             2.766306e-01             7.861412e-02            -4.034283e-01             3.344152e-01            -1.987503e-01            -2.386953e-01 
