 -4.7188478882412088e-001  4.4670051420286755e-001  4.7012649893794695e-002  3.2042437745724520e-003 -3.5208526928869655e-001  5.7806946845823359e-001 -2.6877867151227963e-001  1.8084865124716726e-001  4.8536000452593438e-002 -1.0065108438395953e-001
 -8.9064169407628447e-003 -5.6217006781126549e-003 -3.2468827852863735e-001 -5.2615856843468657e-003 -3.9511541932492195e-001 -1.8706595358260406e-001  2.8923731932823982e-001  5.0075496493440330e-001 -6.0734070675324836e-001  7.2490181890377346e-003
 -1.7726333672197128e-001 -7.4627561015547517e-003 -2.3472164326111972e-001 -3.6078147589632897e-001 -1.2377919694644696e-001 -2.7641810221044183e-001  1.2565667236037917e-001  3.9459442766148850e-001  6.8482731029921573e-001  2.2595006119109254e-001
 -5.3484912041203669e-001  2.3697043839096915e-001  8.2002916298409528e-002 -2.9601073919369209e-001  4.3764203898691778e-001 -3.0653790851150192e-002  4.1593179843308969e-001 -1.8869756490541326e-001 -2.6477363755758931e-001  3.0373223972300856e-001
 -4.3609930826300242e-001 -1.7295536114604620e-001  2.9093099156487995e-001  1.6726682956246250e-001 -4.1962398940699597e-001 -5.2532865532936945e-001 -3.1497944209173079e-001 -2.5960299342627330e-001 -7.5764234485042325e-002  2.0708532371744626e-001
 -4.5979200957152483e-001 -2.2107169572897870e-001 -2.9743250711303076e-001  6.0923788171205551e-001  2.8627117407365532e-001 -5.6869933214373891e-002  1.4316740439086267e-001  1.1748006178188891e-001  1.5442877297548047e-001 -3.6979674086291653e-001
 -4.7346326370636321e-002 -2.1703915423764272e-001 -7.0975976924375850e-001 -2.8357781297020448e-002  2.5790688119283145e-002  2.1931850157594138e-001 -3.3868372724246987e-001 -2.8805953404289319e-001 -9.5529254152447271e-002  4.3647757300003992e-001
 -8.3551533476984338e-002 -5.8133255317253707e-001  1.7882282979522596e-001 -3.4655622452699208e-002 -3.5939440291840674e-001  4.4048763817113079e-001  4.9994846252607811e-001 -1.7233068174154037e-001  1.0649672750190332e-001  8.7814628627695998e-002
 -8.5115216136859767e-002  7.8599359200311067e-002 -3.0850809613066349e-001 -4.2097475995832256e-001 -2.2063194110101447e-001 -1.6118581363195944e-001  9.0512255773510228e-002 -4.6853142997215741e-001  1.1421253215460276e-002 -6.4162030245540724e-001
 -2.0420851486627753e-001 -5.2363987909049048e-001  1.6287383592176247e-001 -4.5144490719851793e-001  2.7663061509559295e-001  7.8614121366414227e-002 -4.0342828761101340e-001  3.3441524798739208e-001 -1.9875033826645142e-001 -2.3869531465914137e-001
